CBBV2/宁德时代，278Ah，暂无
1P252S，811.44，225.6，1370/体积无

1.5 BOL-放电DCR参数										
SOC(%)	T(℃)	1s	5s	10s	20s	30s	60s			
90	25℃	0.29	0.33	0.36	0.39	0.40	0.42			
50	25℃	0.31	0.36	0.39	0.42	0.44	0.46			
20	25℃	0.33	0.39	0.43	0.48	0.51	0.56			
10	25℃	0.33	0.41	0.46	0.52	0.57	0.71			
90	-20℃	2.09	2.31	2.38	2.44	2.46	2.49			
50	-20℃	2.23	2.54	2.62	2.68	2.71	2.78			
20	-20℃	2.32	2.82	2.97	3.12	3.24	3.59			
10	-20℃	2.36	3.01	3.26	3.56	3.81	4.59	

电芯充电窗口													
SOC		0%	10%	20%	30%	40%	50%	60%	70%	80%	90%	95%	100%
温度1	-25	0.0 	0.0 	0.0 	0.0 	0.0 	0.0 	0.0 	0.0 	0.0 	0.0 	0.0 	0.0 
温度2	-20	13.6 	7.8 	4.9 	3.9 	3.6 	3.6 	3.7 	3.5 	2.8 	1.8 	1.3 	0.9 
温度3	-10	41.7 	29.9 	19.9 	15.8 	14.2 	13.4 	12.7 	11.2 	8.8 	5.8 	4.3 	3.0 
温度4	0	143.6 	111.3 	76.6 	60.5 	52.4 	47.4 	42.7 	36.6 	28.4 	19.0 	13.9 	8.4 
温度5	10	430.5 	338.8 	236.1 	183.3 	155.5 	136.0 	119.4 	100.0 	77.8 	48.6 	32.5 	21.4 
温度6	15	555.5 	494.4 	344.4 	269.4 	225.0 	194.4 	169.4 	141.6 	109.7 	70.0 	47.2 	22.2 
温度7	20	555.5 	555.5 	483.3 	369.4 	305.5 	262.6 	225.0 	188.9 	147.2 	91.6 	67.5 	27.8 
温度8	25	555.5 	555.5 	511.1 	409.2 	349.7 	309.6 	276.1 	240.5 	197.5 	122.2 	92.1 	27.8 
温度9	30	555.5 	555.5 	555.5 	555.5 	463.7 	392.5 	336.4 	281.5 	224.0 	143.3 	122.4 	27.8 
温度10	35	555.5 	555.5 	555.5 	555.5 	463.7 	392.3 	336.4 	281.5 	224.0 	151.9 	135.9 	27.8 
温度11	45	555.5 	555.5 	555.5 	555.5 	463.8 	389.7 	336.1 	280.5 	250.0 	151.9 	135.9 	27.8 
温度12	50	416.6 	416.6 	416.6 	416.6 	416.6 	370.0 	336.1 	280.5 	250.0 	151.9 	135.9 	27.8 
温度13	55	277.7 	277.7 	277.7 	277.7 	277.7 	277.7 	277.7 	222.2 	166.6 	91.7 	91.7 	27.8 
温度14	60	91.7 	91.7 	91.7 	91.7 	91.7 	91.7 	91.7 	91.7 	91.7 	83.3 	69.4 	27.8 
温度15	65	0.0 	0.0 	0.0 	0.0 	0.0 	0.0 	0.0 	0.0 	0.0 	0.0 	0.0 	0.0 
													
													
	行车持续放电功率/ 瓦-电芯级别												
SoC/T	0.0	5.0	10.0	20.0	30.0	40.0	50.0	60.0	70.0	80.0	90.0	95.0	100.0
 -35℃	0 	0 	0 	0 	56 	64 	64 	64 	64 	64 	64 	64 	64 
 -30℃	0 	17 	32 	80 	160 	174 	174 	174 	174 	174 	174 	174 	174 
 -25℃	0 	33 	70 	160 	320 	348 	348 	348 	348 	348 	348 	348 	348 
-15℃	0 	33 	70 	160 	320 	348 	348 	348 	348 	348 	348 	348 	348 
-10℃	0 	106 	209 	320 	320 	348 	348 	348 	348 	348 	348 	348 	348 
-5℃	0 	139 	278 	320 	320 	348 	348 	348 	348 	348 	348 	348 	348 
0℃	0 	179 	357 	695 	695 	778 	778 	778 	778 	778 	778 	778 	778 
5℃	0 	215 	434 	778 	778 	834 	834 	834 	834 	834 	834 	834 	834 
10℃	0 	229 	458 	778 	778 	834 	834 	834 	834 	834 	834 	834 	834 
15℃	0 	236 	475 	778 	778 	834 	834 	834 	834 	834 	834 	834 	834 
20℃	0 	250 	498 	778 	778 	834 	834 	834 	834 	834 	834 	834 	834 
25℃	0 	264 	521 	778 	778 	834 	834 	834 	834 	834 	834 	834 	834 
30℃	0 	264 	521 	778 	778 	834 	834 	834 	834 	834 	834 	834 	834 
35℃	0 	264 	521 	778 	778 	834 	834 	834 	834 	834 	834 	834 	834 
40℃	0 	264 	521 	778 	778 	834 	834 	834 	834 	834 	834 	834 	834 
45℃	0 	264 	521 	778 	778 	834 	834 	834 	834 	834 	834 	834 	834 
50℃	0 	264 	521 	778 	778 	834 	834 	834 	834 	834 	834 	834 	834 
55℃	0 	264 	521 	778 	778 	834 	834 	834 	834 	834 	834 	834 	834 
60℃	0 	264 	521 	778 	778 	834 	834 	834 	834 	834 	834 	834 	834 
65℃	0 	0 	0 	0 	0 	0 	0 	0 	0 	0 	0 	0 	0 
													
													
	60s脉冲放电功率/ 瓦-电芯级别												
SoC/T	0.0	5.0	10.0	20.0	30.0	40.0	50.0	60.0	70.0	80.0	90.0	95.0	100.0
 -35℃	0 	0 	0 	0 	56 	64 	64 	64 	64 	64 	64 	64 	64 
 -30℃	0 	17 	33 	72 	139 	160 	160 	160 	160 	160 	160 	160 	160 
 -25℃	0 	33 	72 	139 	278 	320 	320 	320 	320 	320 	320 	320 	320 
-15℃	0 	33 	72 	139 	278 	320 	320 	320 	320 	320 	320 	320 	320 
-10℃	0 	106 	211 	350 	667 	767 	767 	767 	767 	767 	767 	767 	767 
-5℃	0 	139 	278 	556 	1184 	1362 	1362 	1362 	1362 	1362 	1362 	1362 	1362 
0℃	0 	179 	358 	678 	1394 	1515 	1515 	1515 	1515 	1515 	1515 	1515 	1647 
5℃	0 	215 	438 	785 	1564 	1751 	1751 	1751 	1821 	1899 	1977 	2016 	2218 
10℃	0 	229 	459 	848 	1689 	1915 	2071 	2180 	2281 	2335 	2335 	2335 	2335 
15℃	0 	236 	473 	917 	1828 	2047 	2164 	2195 	2296 	2335 	2335 	2335 	2335 
20℃	0 	250 	500 	980 	1960 	2195 	2195 	2218 	2312 	2335 	2335 	2335 	2335 
25℃	0 	264 	521 	1043 	2085 	2335 	2335 	2335 	2335 	2335 	2335 	2335 	2335 
30℃	0 	264 	521 	1043 	2085 	2335 	2335 	2335 	2335 	2335 	2335 	2335 	2335 
35℃	0 	264 	521 	1043 	2085 	2335 	2335 	2335 	2335 	2335 	2335 	2335 	2335 
40℃	0 	264 	521 	1043 	2085 	2335 	2335 	2335 	2335 	2335 	2335 	2335 	2335 
45℃	0 	264 	521 	1043 	2085 	2335 	2335 	2335 	2335 	2335 	2335 	2335 	2335 
50℃	0 	264 	521 	1043 	2085 	2335 	2335 	2335 	2335 	2335 	2335 	2335 	2335 
55℃	0 	264 	521 	1043 	2085 	2335 	2335 	2335 	2335 	2335 	2335 	2335 	2335 
60℃	0 	264 	521 	695 	695 	778 	778 	778 	778 	778 	778 	778 	778 
65℃	0 	0 	0 	0 	0 	0 	0 	0 	0 	0 	0 	0 	0 
													
													
	60s脉冲回充功率/ 瓦-电芯级别												
SoC/T	0.0	5.0	10.0	20.0	30.0	40.0	50.0	60.0	70.0	80.0	90.0	95.0	100.0
-30℃	0 	0 	0 	0 	0 	0 	0 	0 	0 	0 	0 	0 	0 
-25℃	0 	0 	0 	0 	0 	0 	0 	0 	0 	0 	0 	0 	0 
-20℃	-58 	-54 	-45 	-33 	-28 	-24 	-23 	-22 	-21 	-21 	-19 	-18 	0 
-15℃	-116 	-108 	-89 	-66 	-53 	-46 	-42 	-40 	-38 	-36 	-33 	-30 	0 
-10℃	-212 	-198 	-164 	-120 	-95 	-81 	-73 	-67 	-62 	-58 	-53 	-48 	0 
-5℃	-431 	-404 	-333 	-242 	-191 	-159 	-141 	-128 	-118 	-108 	-98 	-74 	0 
0℃	-681 	-639 	-528 	-383 	-299 	-247 	-216 	-193 	-176 	-161 	-145 	-111 	0 
5℃	-1093 	-1028 	-850 	-616 	-479 	-393 	-341 	-303 	-274 	-249 	-207 	-159 	0 
10℃	-1526 	-1441 	-1195 	-866 	-673 	-549 	-474 	-418 	-377 	-343 	-287 	-221 	0 
15℃	-1644 	-1916 	-1594 	-1159 	-900 	-733 	-631 	-556 	-501 	-457 	-384 	-298 	0 
20℃	-1644 	-1937 	-1959 	-1481 	-1153 	-939 	-809 	-713 	-644 	-590 	-500 	-390 	0 
25℃	-1644 	-1937 	-1959 	-1816 	-1419 	-1159 	-1127 	-1012 	-803 	-740 	-633 	-500 	0 
30℃	-1644 	-1937 	-1959 	-1987 	-1768 	-1549 	-1325 	-1066 	-973 	-905 	-783 	-625 	0 
35℃	-1644 	-1937 	-1959 	-1987 	-1935 	-1640 	-1395 	-1250 	-1150 	-1081 	-948 	-764 	0 
40℃	-1644 	-1937 	-1959 	-1987 	-2009 	-1796 	-1580 	-1428 	-1328 	-1263 	-1124 	-917 	0 
45℃	-1644 	-1937 	-1959 	-1987 	-2009 	-1966 	-1746 	-1595 	-1501 	-1446 	-1308 	-1081 	0 
50℃	-1345 	-1584 	-1603 	-1626 	-1644 	-1646 	-1664 	-1666 	-1662 	-1626 	-1496 	-1236 	0 
55℃	-1195 	-1408 	-1425 	-1445 	-1461 	-1463 	-1479 	-1481 	-1481 	-1482 	-1483 	-989 	0 
60℃	-247 	-290 	-294 	-298 	-301 	-302 	-305 	-305 	-305 	-306 	-278 	-232 	0 
65℃	0 	0 	0 	0 	0 	0 	0 	0 	0 	0 	0 	0 	0 

测试倍率：	0.1C	
测试温度：	25℃	
SOH	100%	
OCV（mV)	SOC（%）	Cap（Ah）
3484 	100%	
3334 	95%	
3332 	90%	
3330 	85%	
3329 	80%	
3329 	75%	
3329 	70%	
3329 	65%	
3326 	60%	
3296 	55%	
3291 	50%	
3290 	45%	
3289 	40%	
3288 	35%	
3285 	30%	
3267 	25%	
3249 	20%	
3222 	15%	
3203 	10%	
3166 	5%	
2688 	0%	

电驱桥型号R11E300，电机型号CAM255PT56，两个电机

注：1）DQ轴变换为根号2处理；2）角度可能相差90度，请注意；3）0°、90°、180°由于出现Id或Iq为零，电感无法计算出。										
100℃（计算电机正常工作温度，与控制常温测试肯定不一样，结合260电机温升数据）初始直轴磁链：0.1074275Wb										
电流/A	电流角/deg	直轴磁链/Wb	交轴磁链/Wb	直轴电流	交轴电流	直轴电感	交轴电感			
20	5	-0.106800115	-0.023806716	-2.465136669	28.17664106	0.000254503	0.00084491			
20	10	-0.106114858	-0.023528378	-4.911512159	27.85456961	0.000267258	0.000844686			
20	15	-0.105439848	-0.02307026	-7.320508076	27.32050808	0.000271518	0.00084443			
20	20	-0.104779203	-0.022437585	-9.673790506	26.57852098	0.00027376	0.0008442			
20	25	-0.104137707	-0.021634383	-11.95344955	25.63425528	0.000275217	0.000843964			
20	30	-0.103521889	-0.020666289	-14.14213562	24.49489743	0.000276168	0.000843698			
20	35	-0.102935607	-0.019541204	-16.22319151	23.16911861	0.000276881	0.000843416			
20	40	-0.102383249	-0.018267967	-18.18077911	21.66700882	0.00027745	0.000843124			
20	45	-0.101869267	-0.016856502	-20	20	0.000277912	0.000842825			
20	50	-0.101397823	-0.0153178	-21.66700882	18.18077911	0.000278288	0.000842527			
20	55	-0.100972393	-0.013662206	-23.16911861	16.22319151	0.000278608	0.00084214			
20	60	-0.100596619	-0.01190457	-24.49489743	14.14213562	0.00027887	0.00084178			
20	65	-0.100273487	-0.010057189	-25.63425528	11.95344955	0.00027908	0.000841363			
20	70	-0.10000623	-0.008137998	-26.57852098	9.673790506	0.000279221	0.000841242			
20	75	-0.099794835	-0.0061516	-27.32050808	7.320508076	0.000279375	0.000840324			
20	80	-0.099643163	-0.004123111	-27.85456961	4.911512159	0.000279464	0.000839479			
20	85	-0.09955298	-0.002071299	-28.17664106	2.465136669	0.00027947	0.000840237			
20	90	-0.099522341	1.68207E-06	-28.28427125	1.73262E-15	0.00027949	970823189.8			
20	95	-0.09955277	0.002074555	-28.17664106	-2.465136669	0.000279477	0.000841558			
20	100	-0.099643954	0.004132225	-27.85456961	-4.911512159	0.000279435	0.000841335			
20	105	-0.099795411	0.006159467	-27.32050808	-7.320508076	0.000279354	0.000841399			
20	110	-0.100004439	0.008150289	-26.57852098	-9.673790506	0.000279288	0.000842512			
20	115	-0.100273507	0.010062648	-25.63425528	-11.95344955	0.000279079	0.00084182			
20	120	-0.10059637	0.01190884	-24.49489743	-14.14213562	0.00027888	0.000842082			
20	125	-0.100971837	0.013665948	-23.16911861	-16.22319151	0.000278632	0.000842371			
20	130	-0.101397035	0.015320129	-21.66700882	-18.18077911	0.000278325	0.000842655			
20	135	-0.101868409	0.016858864	-20	-20	0.000277955	0.000842943			
20	140	-0.102382243	0.018270351	-18.18077911	-21.66700882	0.000277505	0.000843234			
20	145	-0.102934482	0.019543361	-16.22319151	-23.16911861	0.00027695	0.000843509			
20	150	-0.103520776	0.020668131	-14.14213562	-24.49489743	0.000276247	0.000843773			
20	155	-0.10413652	0.021636141	-11.95344955	-25.63425528	0.000275316	0.000844032			
20	160	-0.104776881	0.022439795	-9.673790506	-26.57852098	0.000274	0.000844283			
20	165	-0.105437258	0.023068413	-7.320508076	-27.32050808	0.000271872	0.000844363			
20	170	-0.106111822	0.023530652	-4.911512159	-27.85456961	0.000267876	0.000844768			
20	175	-0.106796974	0.023809563	-2.465136669	-28.17664106	0.000255777	0.000845011			
40	5	-0.106187298	-0.047167634	-4.930273337	56.35328211	0.000251548	0.000836999			
40	10	-0.104836823	-0.04664395	-9.823024318	55.70913923	0.000263735	0.000837276			
40	15	-0.103504781	-0.045760351	-14.64101615	54.64101615	0.000267927	0.000837473			
40	20	-0.102199915	-0.04453009	-19.34758101	53.15704195	0.000270193	0.000837708			
40	25	-0.100931753	-0.042960548	-23.9068991	51.26851056	0.00027171	0.000837952			
40	30	-0.09970945	-0.041060048	-28.28427125	48.98979486	0.000272874	0.000838135			
40	35	-0.098542085	-0.03884253	-32.44638301	46.33823723	0.000273849	0.000838239			
40	40	-0.097439206	-0.036325385	-36.36155821	43.33401763	0.000274694	0.000838265			
40	45	-0.096409084	-0.033528478	-40	40	0.00027546	0.000838212			
40	50	-0.095462214	-0.030472152	-43.33401763	36.36155821	0.000276118	0.000838032			
40	55	-0.094606308	-0.027182476	-46.33823723	32.44638301	0.000276687	0.000837766			
40	60	-0.093848882	-0.023686309	-48.98979486	28.28427125	0.000277172	0.000837437			
40	65	-0.093196726	-0.020011843	-51.26851056	23.9068991	0.000277573	0.000837074			
40	70	-0.092655549	-0.016187911	-53.15704195	19.34758101	0.000277893	0.000836689			
40	75	-0.092230523	-0.012244276	-54.64101615	14.64101615	0.000278124	0.0008363			
40	80	-0.091924713	-0.008212032	-55.70913923	9.823024318	0.000278281	0.000835998			
40	85	-0.091740346	-0.004120033	-56.35328211	4.930273337	0.000278372	0.00083566			
40	90	-0.091678689	2.10681E-06	-56.56854249	3.46524E-15	0.000278402	607984313.5			
40	95	-0.091740244	0.004124263	-56.35328211	-4.930273337	0.000278373	0.000836518			
40	100	-0.091924403	0.00821637	-55.70913923	-9.823024318	0.000278286	0.00083644			
40	105	-0.092229974	0.012248857	-54.64101615	-14.64101615	0.000278134	0.000836612			
40	110	-0.092654864	0.016192426	-53.15704195	-19.34758101	0.000277906	0.000836922			
40	115	-0.093195456	0.020016425	-51.26851056	-23.9068991	0.000277598	0.000837266			
40	120	-0.093847088	0.023691265	-48.98979486	-28.28427125	0.000277209	0.000837613			
40	125	-0.094603956	0.027187275	-46.33823723	-32.44638301	0.000276738	0.000837914			
40	130	-0.095459301	0.030476709	-43.33401763	-36.36155821	0.000276185	0.000838157			
40	135	-0.096405929	0.033532333	-40	-40	0.000275539	0.000838308			
40	140	-0.097434631	0.036330602	-36.36155821	-43.33401763	0.00027482	0.000838385			
40	145	-0.098536897	0.038848647	-32.44638301	-46.33823723	0.000274009	0.000838371			
40	150	-0.099704309	0.041064778	-28.28427125	-48.98979486	0.000273056	0.000838231			
40	155	-0.100927232	0.042963876	-23.9068991	-51.26851056	0.000271899	0.000838017			
40	160	-0.102195085	0.044536061	-19.34758101	-53.15704195	0.000270443	0.000837821			
40	165	-0.103500181	0.045764523	-14.64101615	-54.64101615	0.000268241	0.000837549			
40	170	-0.104832579	0.046646552	-9.823024318	-55.70913923	0.000264167	0.000837323			
40	175	-0.106182619	0.04717971	-4.930273337	-56.35328211	0.000252497	0.000837213			
60	5	-0.105462438	-0.069440201	-7.395410006	84.52992317	0.000265714	0.000821487			
60	10	-0.103489639	-0.068726698	-14.73453648	83.56370884	0.000267254	0.000822447			
60	15	-0.101543245	-0.067499352	-21.96152423	81.96152423	0.000267935	0.000823549			
60	20	-0.099635067	-0.065767097	-29.02137152	79.73556293	0.000268507	0.000824815			
60	25	-0.097776176	-0.063536109	-35.86034865	76.90276585	0.000269136	0.000826188			
60	30	-0.095979611	-0.060807322	-42.42640687	73.48469228	0.000269829	0.000827483			
60	35	-0.094256386	-0.057599004	-48.66957452	69.50735584	0.000270623	0.000828675			
60	40	-0.092619345	-0.053929366	-54.54233732	65.00102645	0.000271498	0.000829669			
60	45	-0.091081766	-0.049829347	-60	60	0.000272429	0.000830489			
60	50	-0.089659189	-0.045329188	-65.00102645	54.54233732	0.000273354	0.000831083			
60	55	-0.088367808	-0.040460346	-69.50735584	48.66957452	0.000274211	0.000831327			
60	60	-0.08722012	-0.035270723	-73.48469228	42.42640687	0.000274988	0.000831339			
60	65	-0.086229147	-0.029806116	-76.90276585	35.86034865	0.000275651	0.000831172			
60	70	-0.085404948	-0.024114013	-79.73556293	29.02137152	0.000276195	0.000830905			
60	75	-0.08475331	-0.018238682	-81.96152423	21.96152423	0.000276644	0.000830483			
60	80	-0.08428732	-0.012235904	-83.56370884	14.73453648	0.000276917	0.000830423			
60	85	-0.084005694	-0.006138877	-84.52992317	7.395410006	0.000277083	0.000830093			
60	90	-0.083910448	3.65416E-06	-84.85281374	5.19786E-15	0.000277151	703012241.9			
60	95	-0.084004086	0.006145268	-84.52992317	-7.395410006	0.000277102	0.000830957			
60	100	-0.084284656	0.012243038	-83.56370884	-14.73453648	0.000276949	0.000830908			
60	105	-0.084752308	0.018250011	-81.96152423	-21.96152423	0.000276657	0.000830999			
60	110	-0.08540061	0.024123018	-79.73556293	-29.02137152	0.000276249	0.000831216			
60	115	-0.086224549	0.029814835	-76.90276585	-35.86034865	0.000275711	0.000831415			
60	120	-0.087216194	0.035277394	-73.48469228	-42.42640687	0.000275041	0.000831496			
60	125	-0.088363875	0.040465986	-69.50735584	-48.66957452	0.000274268	0.000831443			
60	130	-0.089655794	0.045332253	-65.00102645	-54.54233732	0.000273407	0.000831139			
60	135	-0.09107794	0.049834599	-60	-60	0.000272493	0.000830577			
60	140	-0.092615579	0.053934444	-54.54233732	-65.00102645	0.000271567	0.000829748			
60	145	-0.094252819	0.057605202	-48.66957452	-69.50735584	0.000270696	0.000828764			
60	150	-0.095976742	0.060813259	-42.42640687	-73.48469228	0.000269897	0.000827564			
60	155	-0.097774404	0.063541041	-35.86034865	-76.90276585	0.000269186	0.000826252			
60	160	-0.099633114	0.065775321	-29.02137152	-79.73556293	0.000268574	0.000824918			
60	165	-0.10154146	0.067509657	-21.96152423	-81.96152423	0.000268016	0.000823675			
60	170	-0.103487598	0.068725089	-14.73453648	-83.56370884	0.000267392	0.000822427			
60	175	-0.105461514	0.069447845	-7.395410006	-84.52992317	0.000265839	0.000821577			
80	5	-0.104546884	-0.090010515	-9.860546675	112.7065642	0.000292135	0.000798627			
80	10	-0.102010038	-0.089249814	-19.64604864	111.4182785	0.000275753	0.000801034			
80	15	-0.099505449	-0.087834978	-29.2820323	109.2820323	0.000270543	0.000803746			
80	20	-0.097044596	-0.085756366	-38.69516202	106.3140839	0.000268326	0.000806632			
80	25	-0.09464125	-0.083016774	-47.8137982	102.5370211	0.000267418	0.000809627			
80	30	-0.092308191	-0.079625919	-56.56854249	97.97958971	0.000267274	0.000812679			
80	35	-0.09006138	-0.075568673	-64.89276603	92.67647445	0.000267613	0.000815403			
80	40	-0.087914354	-0.070887398	-72.72311643	86.66803527	0.000268321	0.000817919			
80	45	-0.085887339	-0.065606231	-80	80	0.000269252	0.000820078			
80	50	-0.083998063	-0.059757893	-86.66803527	72.72311643	0.000270335	0.000821718			
80	55	-0.082271596	-0.053399284	-92.67647445	64.89276603	0.000271438	0.000822885			
80	60	-0.080728338	-0.046590191	-97.97958971	56.56854249	0.000272497	0.000823606			
80	65	-0.079390941	-0.039392953	-102.5370211	47.8137982	0.000273429	0.000823883			
80	70	-0.078275412	-0.031879387	-106.3140839	38.69516202	0.000274207	0.00082386			
80	75	-0.077396002	-0.024119399	-109.2820323	29.2820323	0.000274807	0.000823693			
80	80	-0.076758832	-0.016178796	-111.4182785	19.64604864	0.000275257	0.000823514			
80	85	-0.076376068	-0.008117283	-112.7065642	9.860546675	0.000275507	0.000823208			
80	90	-0.076246292	3.87022E-06	-113.137085	6.93049E-15	0.000275606	558433835.7			
80	95	-0.076373065	0.008126248	-112.7065642	-9.860546675	0.000275534	0.000824117			
80	100	-0.07675764	0.016187216	-111.4182785	-19.64604864	0.000275268	0.000823943			
80	105	-0.077393136	0.024128406	-109.2820323	-29.2820323	0.000274834	0.000824			
80	110	-0.078274198	0.031886937	-106.3140839	-38.69516202	0.000274219	0.000824055			
80	115	-0.079390027	0.039397253	-102.5370211	-47.8137982	0.000273438	0.000823972			
80	120	-0.080725556	0.046595333	-97.97958971	-56.56854249	0.000272526	0.000823697			
80	125	-0.082268111	0.053402003	-92.67647445	-64.89276603	0.000271475	0.000822927			
80	130	-0.083993826	0.059765252	-86.66803527	-72.72311643	0.000270384	0.000821819			
80	135	-0.085883301	0.065610678	-80	-80	0.000269302	0.000820133			
80	140	-0.087911288	0.070902243	-72.72311643	-86.66803527	0.000268363	0.00081809			
80	145	-0.090058232	0.075585078	-64.89276603	-92.67647445	0.000267661	0.00081558			
80	150	-0.092306002	0.079637565	-56.56854249	-97.97958971	0.000267313	0.000812797			
80	155	-0.094637894	0.083033246	-47.8137982	-102.5370211	0.000267488	0.000809788			
80	160	-0.097042532	0.085776803	-38.69516202	-106.3140839	0.000268379	0.000806824			
80	165	-0.09950269	0.087833066	-29.2820323	-109.2820323	0.000270637	0.000803728			
80	170	-0.102008148	0.089257677	-19.64604864	-111.4182785	0.000275849	0.000801104			
80	175	-0.104544948	0.090012073	-9.860546675	-112.7065642	0.000292332	0.000798641			
100	5	-0.103305601	-0.107631709	-12.32568334	140.8832053	0.000334415	0.000763978			
100	10	-0.100293547	-0.107030584	-24.55756079	139.2728481	0.000290499	0.000768496			
100	15	-0.097320072	-0.105703735	-36.60254038	136.6025404	0.00027614	0.000773805			
100	20	-0.094390981	-0.103617652	-48.36895253	132.8926049	0.000269522	0.00077971			
100	25	-0.091512785	-0.100715027	-59.76724775	128.1712764	0.000266278	0.000785785			
100	30	-0.088697457	-0.096980989	-70.71067812	122.4744871	0.000264883	0.000791846			
100	35	-0.085961765	-0.09239815	-81.11595753	115.8455931	0.00026463	0.000797597			
100	40	-0.083329512	-0.086960262	-90.90389553	108.3350441	0.000265093	0.000802697			
100	45	-0.080823326	-0.080702078	-100	100	0.000266042	0.000807021			
100	50	-0.078473204	-0.07367363	-108.3350441	90.90389553	0.000267266	0.000810456			
100	55	-0.076311652	-0.06594668	-115.8455931	81.11595753	0.000268598	0.000812993			
100	60	-0.07437157	-0.057607879	-122.4744871	70.71067812	0.000269901	0.000814698			
100	65	-0.072680576	-0.048752903	-128.1712764	59.76724775	0.000271098	0.000815713			
100	70	-0.071267328	-0.039472544	-132.8926049	48.36895253	0.000272101	0.000816072			
100	75	-0.07014708	-0.029866524	-136.6025404	36.60254038	0.000272912	0.000815969			
100	80	-0.069338768	-0.020035842	-139.2728481	24.55756079	0.000273483	0.000815873			
100	85	-0.06885083	-0.010056174	-140.8832053	12.32568334	0.00027382	0.000815872			
100	90	-0.068686572	4.7096E-06	-141.4213562	8.66311E-15	0.00027394	543638656.7			
100	95	-0.068848837	0.010065143	-140.8832053	-12.32568334	0.000273834	0.000816599			
100	100	-0.069337764	0.020049572	-139.2728481	-24.55756079	0.00027349	0.000816432			
100	105	-0.070145347	0.029882208	-136.6025404	-36.60254038	0.000272924	0.000816397			
100	110	-0.071264555	0.039470974	-132.8926049	-48.36895253	0.000272122	0.000816039			
100	115	-0.072678677	0.048756453	-128.1712764	-59.76724775	0.000271112	0.000815772			
100	120	-0.074368771	0.057611978	-122.4744871	-70.71067812	0.000269923	0.000814756			
100	125	-0.076307413	0.065956643	-115.8455931	-81.11595753	0.000268634	0.000813116			
100	130	-0.07846778	0.073692268	-108.3350441	-90.90389553	0.000267316	0.000810661			
100	135	-0.080818985	0.080719115	-100	-100	0.000266085	0.000807191			
100	140	-0.083326052	0.08697388	-90.90389553	-108.3350441	0.000265131	0.000802823			
100	145	-0.085959577	0.092398532	-81.11595753	-115.8455931	0.000264657	0.000797601			
100	150	-0.088694686	0.096984714	-70.71067812	-122.4744871	0.000264922	0.000791877			
100	155	-0.091510182	0.100718289	-59.76724775	-128.1712764	0.000266322	0.00078581			
100	160	-0.094388711	0.103615176	-48.36895253	-132.8926049	0.000269569	0.000779691			
100	165	-0.097318256	0.105706725	-36.60254038	-136.6025404	0.00027619	0.000773827			
100	170	-0.100291908	0.107033549	-24.55756079	-139.2728481	0.000290566	0.000768517			
100	175	-0.103304104	0.107635115	-12.32568334	-140.8832053	0.000334537	0.000764002			
120	5	-0.101720804	-0.121869475	-14.79082001	169.0598463	0.000385827	0.000720866			
120	10	-0.098305097	-0.121538376	-29.46907295	167.1274177	0.000309559	0.00072722			
120	15	-0.094939151	-0.120472079	-43.92304845	163.9230485	0.000284323	0.000734931			
120	20	-0.091622064	-0.11858763	-58.04274304	159.4711259	0.000272307	0.000743631			
120	25	-0.088352331	-0.115837749	-71.7206973	153.8055317	0.000265965	0.000753144			
120	30	-0.085132403	-0.11213824	-84.85281374	146.9693846	0.00026275	0.000763004			
120	35	-0.081969894	-0.107417298	-97.33914904	139.0147117	0.000261535	0.000772705			
120	40	-0.078888083	-0.101631215	-109.0846746	130.0020529	0.000261626	0.000781766			
120	45	-0.075919464	-0.09476756	-120	120	0.000262567	0.00078973			
120	50	-0.073105939	-0.086859635	-130.0020529	109.0846746	0.000264008	0.000796259			
120	55	-0.070498927	-0.077988236	-139.0147117	97.33914904	0.000265645	0.000801201			
120	60	-0.068147671	-0.068274281	-146.9693846	84.85281374	0.000267265	0.00080462			
120	65	-0.06609523	-0.057859628	-153.8055317	71.7206973	0.000268731	0.000806735			
120	70	-0.064375243	-0.04688658	-159.4711259	58.04274304	0.000269969	0.000807794			
120	75	-0.063013046	-0.035497582	-163.9230485	43.92304845	0.000270947	0.000808177			
120	80	-0.062028143	-0.023817124	-167.1274177	29.46907295	0.000271645	0.000808207			
120	85	-0.061431906	-0.011952076	-169.0598463	14.79082001	0.000272067	0.000808074			
120	90	-0.061232819	5.05597E-06	-169.7056275	1.03957E-14	0.000272205	486350675.8			
120	95	-0.061430848	0.011962197	-169.0598463	-14.79082001	0.000272073	0.000808758			
120	100	-0.062027025	0.023818672	-167.1274177	-29.46907295	0.000271652	0.00080826			
120	105	-0.063011528	0.035506077	-163.9230485	-43.92304845	0.000270956	0.00080837			
120	110	-0.06437323	0.046894136	-159.4711259	-58.04274304	0.000269982	0.000807924			
120	115	-0.06609283	0.057865796	-153.8055317	-71.7206973	0.000268746	0.000806821			
120	120	-0.068145007	0.06827946	-146.9693846	-84.85281374	0.000267284	0.000804681			
120	125	-0.070495988	0.077992327	-139.0147117	-97.33914904	0.000265666	0.000801243			
120	130	-0.073103064	0.086862408	-130.0020529	-109.0846746	0.00026403	0.000796284			
120	135	-0.075916476	0.094769508	-120	-120	0.000262592	0.000789746			
120	140	-0.078885587	0.101632819	-109.0846746	-130.0020529	0.000261649	0.000781779			
120	145	-0.081967854	0.107417609	-97.33914904	-139.0147117	0.000261556	0.000772707			
120	150	-0.0851306	0.112138319	-84.85281374	-146.9693846	0.000262771	0.000763005			
120	155	-0.088351235	0.115837353	-71.7206973	-153.8055317	0.00026598	0.000753142			
120	160	-0.091621494	0.118587069	-58.04274304	-159.4711259	0.000272317	0.000743627			
120	165	-0.094935618	0.120474677	-43.92304845	-163.9230485	0.000284404	0.000734947			
120	170	-0.098305028	0.12153809	-29.46907295	-167.1274177	0.000309561	0.000727218			
120	175	-0.101717248	0.121880525	-14.79082001	-169.0598463	0.000386067	0.000720931			
140	5	-0.099878255	-0.133293707	-17.25595668	197.2364874	0.000437486	0.000675807			
140	10	-0.096099728	-0.133251839	-34.38058511	194.9819873	0.000329482	0.000683406			
140	15	-0.092384586	-0.132478182	-51.24355653	191.2435565	0.000293557	0.00069272			
140	20	-0.088727424	-0.130905402	-67.71653354	186.0496468	0.000276152	0.000703605			
140	25	-0.085119788	-0.128440927	-83.67414684	179.439787	0.000266602	0.000715788			
140	30	-0.081555131	-0.124977499	-98.99494937	171.464282	0.00026135	0.000728884			
140	35	-0.078030292	-0.120393653	-113.5623405	162.1838303	0.000258864	0.000742328			
140	40	-0.07455444	-0.114579952	-127.2654537	151.6690617	0.000258303	0.00075546			
140	45	-0.071161685	-0.107464557	-140	140	0.000259042	0.000767604			
140	50	-0.067902119	-0.099027464	-151.6690617	127.2654537	0.000260603	0.000778117			
140	55	-0.06484491	-0.089319682	-162.1838303	113.5623405	0.000262558	0.000786526			
140	60	-0.062065411	-0.078475606	-171.464282	98.99494937	0.000264557	0.000792723			
140	65	-0.059629027	-0.066671415	-179.439787	83.67414684	0.000266376	0.000796798			
140	70	-0.057584557	-0.054111554	-186.0496468	67.71653354	0.000267901	0.000799089			
140	75	-0.055974604	-0.041001412	-191.2435565	51.24355653	0.000269044	0.000800128			
140	80	-0.054810017	-0.027517925	-194.9819873	34.38058511	0.000269858	0.000800391			
140	85	-0.054106982	-0.013810135	-197.2364874	17.25595668	0.000270338	0.000800311			
140	90	-0.053871457	1.61518E-06	-197.9898987	1.21284E-14	0.000270499	133174247			
140	95	-0.054106615	0.013820689	-197.2364874	-17.25595668	0.00027034	0.000800923			
140	100	-0.054809305	0.027527752	-194.9819873	-34.38058511	0.000269862	0.000800677			
140	105	-0.055973521	0.041010067	-191.2435565	-51.24355653	0.000269049	0.000800297			
140	110	-0.057584624	0.054118651	-186.0496468	-67.71653354	0.000267901	0.000799194			
140	115	-0.059627149	0.066676766	-179.439787	-83.67414684	0.000266387	0.000796862			
140	120	-0.062063416	0.078479476	-171.464282	-98.99494937	0.000264569	0.000792762			
140	125	-0.064842648	0.089321189	-162.1838303	-113.5623405	0.000262572	0.000786539			
140	130	-0.067900059	0.099026958	-151.6690617	-127.2654537	0.000260616	0.000778113			
140	135	-0.071159453	0.107463875	-140	-140	0.000259057	0.000767599			
140	140	-0.074552836	0.114577631	-127.2654537	-151.6690617	0.000258316	0.000755445			
140	145	-0.078029143	0.120390833	-113.5623405	-162.1838303	0.000258874	0.000742311			
140	150	-0.081554993	0.124974648	-98.99494937	-171.464282	0.000261352	0.000728867			
140	155	-0.085120477	0.128437849	-83.67414684	-179.439787	0.000266594	0.000715771			
140	160	-0.088728703	0.130902276	-67.71653354	-186.0496468	0.000276133	0.000703588			
140	165	-0.092386144	0.13247515	-51.24355653	-191.2435565	0.000293527	0.000692704			
140	170	-0.096101137	0.133248767	-34.38058511	-194.9819873	0.000329441	0.00068339			
140	175	-0.099879511	0.133291706	-17.25595668	-197.2364874	0.000437414	0.000675796			
160	5	-0.097871975	-0.142607634	-19.72109335	225.4131284	0.000484533	0.00063265			
160	10	-0.093749022	-0.142829609	-39.29209727	222.8365569	0.000348123	0.000640961			
160	15	-0.089706067	-0.142348092	-58.56406461	218.5640646	0.000302599	0.000651288			
160	20	-0.085733706	-0.141097883	-77.39032405	212.6281678	0.000280317	0.00066359			
160	25	-0.081818136	-0.13894859	-95.62759639	205.0740423	0.000267803	0.000677553			
160	30	-0.077946049	-0.135808586	-113.137085	195.9591794	0.000260582	0.000693045			
160	35	-0.074104998	-0.131486454	-129.7855321	185.3529489	0.000256751	0.000709384			
160	40	-0.07028837	-0.125842028	-145.4462329	173.3360705	0.000255346	0.000726			
160	45	-0.066516644	-0.118719131	-160	160	0.000255693	0.000741995			
160	50	-0.062844388	-0.110037288	-173.3360705	145.4462329	0.000257206	0.00075655			
160	55	-0.059347385	-0.099787598	-185.3529489	129.7855321	0.000259398	0.000768865			
160	60	-0.056134574	-0.088073574	-195.9591794	113.137085	0.000261753	0.000778468			
160	65	-0.053295649	-0.075095051	-205.0740423	95.62759639	0.000263962	0.000785286			
160	70	-0.050909816	-0.061105948	-212.6281678	77.39032405	0.000265805	0.000789581			
160	75	-0.049028529	-0.046373441	-218.5640646	58.56406461	0.000267194	0.000791841			
160	80	-0.047676394	-0.031144819	-222.8365569	39.29209727	0.000268139	0.000792648			
160	85	-0.046863624	-0.015633878	-225.4131284	19.72109335	0.000268679	0.000792749			
160	90	-0.046591931	2.39938E-06	-226.27417	1.3861E-14	0.000268858	173103050.4			
160	95	-0.046863483	0.015644923	-225.4131284	-19.72109335	0.00026868	0.000793309			
160	100	-0.04767603	0.031148388	-222.8365569	-39.29209727	0.00026814	0.000792739			
160	105	-0.049026852	0.0463771	-218.5640646	-58.56406461	0.000267202	0.000791904			
160	110	-0.050909173	0.061111845	-212.6281678	-77.39032405	0.000265808	0.000789657			
160	115	-0.05329494	0.075098075	-205.0740423	-95.62759639	0.000263966	0.000785318			
160	120	-0.056133824	0.088073979	-195.9591794	-113.137085	0.000261757	0.000778471			
160	125	-0.059348472	0.099782099	-185.3529489	-129.7855321	0.000259392	0.000768823			
160	130	-0.06284324	0.110033442	-173.3360705	-145.4462329	0.000257213	0.000756523			
160	135	-0.066515983	0.118714163	-160	-160	0.000255697	0.000741964			
160	140	-0.070288673	0.125835107	-145.4462329	-173.3360705	0.000255344	0.00072596			
160	145	-0.074106307	0.131477577	-129.7855321	-185.3529489	0.00025674	0.000709336			
160	150	-0.07794943	0.135789445	-113.137085	-195.9591794	0.000260552	0.000692948			
160	155	-0.081815112	0.138961832	-95.62759639	-205.0740423	0.000267835	0.000677618			
160	160	-0.085738527	0.141075676	-77.39032405	-212.6281678	0.000280254	0.000663485			
160	165	-0.089711705	0.142335526	-58.56406461	-218.5640646	0.000302503	0.00065123			
160	170	-0.093754449	0.142818403	-39.29209727	-222.8365569	0.000347985	0.000640911			
160	175	-0.097869751	0.142623538	-19.72109335	-225.4131284	0.000484646	0.000632721			
180	5	-0.095792822	-0.150414565	-22.18623002	253.5897695	0.00052441	0.000593141			
180	10	-0.091330372	-0.150846452	-44.20360943	250.6911265	0.000364159	0.000601722			
180	15	-0.08696745	-0.150604456	-65.88457268	245.8845727	0.000310544	0.000612501			
180	20	-0.082689368	-0.149628532	-87.06411455	239.2066888	0.000284137	0.00062552			
180	25	-0.078480898	-0.147783719	-107.5810459	230.7082975	0.000269068	0.000640565			
180	30	-0.074322385	-0.144961263	-127.2792206	220.4540769	0.000260098	0.000657558			
180	35	-0.070193161	-0.140968153	-146.0087236	208.5220675	0.000255014	0.000676035			
180	40	-0.066073067	-0.135594447	-163.627012	195.0030794	0.000252736	0.000695345			
180	45	-0.061962254	-0.128622471	-180	180	0.000252585	0.000714569			
180	50	-0.057909556	-0.11989552	-195.0030794	163.627012	0.000253934	0.000732737			
180	55	-0.053998186	-0.109338432	-208.5220675	146.0087236	0.000256229	0.000748849			
180	60	-0.050353397	-0.096993715	-220.4540769	127.2792206	0.000258893	0.000762055			
180	65	-0.04710315	-0.083053146	-230.7082975	107.5810459	0.000261475	0.000772005			
180	70	-0.044352958	-0.067803881	-239.2066888	87.06411455	0.000263682	0.000778781			
180	75	-0.042177118	-0.051577431	-245.8845727	65.88457268	0.00026537	0.000782845			
180	80	-0.040623423	-0.034689555	-250.6911265	44.20360943	0.00026648	0.000784767			
180	85	-0.039692169	-0.017423385	-253.5897695	22.18623002	0.000267106	0.000785324			
180	90	-0.039382853	5.90815E-06	-254.5584412	1.55936E-14	0.000267305	378883291.2			
180	95	-0.039692355	0.017434383	-253.5897695	-22.18623002	0.000267105	0.00078582			
180	100	-0.040623838	0.034699335	-250.6911265	-44.20360943	0.000266478	0.000784989			
180	105	-0.042178018	0.051582232	-245.8845727	-65.88457268	0.000265366	0.000782918			
180	110	-0.0443536	0.067808758	-239.2066888	-87.06411455	0.00026368	0.000778837			
180	115	-0.047103663	0.083053455	-230.7082975	-107.5810459	0.000261472	0.000772008			
180	120	-0.050356208	0.096987181	-220.4540769	-127.2792206	0.000258881	0.000762003			
180	125	-0.054000125	0.109327581	-208.5220675	-146.0087236	0.000256219	0.000748774			
180	130	-0.057909972	0.119886252	-195.0030794	-163.627012	0.000253932	0.00073268			
180	135	-0.061963479	0.128609964	-180	-180	0.000252578	0.0007145			
180	140	-0.066075173	0.13557992	-163.627012	-195.0030794	0.000252723	0.000695271			
180	145	-0.070196734	0.140952117	-146.0087236	-208.5220675	0.00025499	0.000675958			
180	150	-0.074327875	0.144942243	-127.2792206	-220.4540769	0.000260055	0.000657471			
180	155	-0.078477461	0.147799335	-107.5810459	-230.7082975	0.0002691	0.000640633			
180	160	-0.082686471	0.149636523	-87.06411455	-239.2066888	0.00028417	0.000625553			
180	165	-0.086976515	0.15058557	-65.88457268	-245.8845727	0.000310406	0.000612424			
180	170	-0.091340956	0.150828029	-44.20360943	-250.6911265	0.000363919	0.000601649			
180	175	-0.095802931	0.150399357	-22.18623002	-253.5897695	0.000523954	0.000593081			
200	5	-0.093712065	-0.157142503	-24.65136669	281.7664106	0.000556376	0.000557705			
200	10	-0.088911144	-0.157729977	-49.11512159	278.5456961	0.000376999	0.000566262			
200	15	-0.084227608	-0.157669722	-73.20508076	273.2050808	0.000316916	0.000577111			
200	20	-0.07964658	-0.156898008	-96.73790506	265.7852098	0.000287177	0.000590319			
200	25	-0.075148093	-0.15531471	-119.5344955	256.3425528	0.000270043	0.000605887			
200	30	-0.070711901	-0.152782463	-141.4213562	244.9489743	0.000259618	0.000623732			
200	35	-0.066309006	-0.149108092	-162.2319151	231.6911861	0.000253455	0.000643564			
200	40	-0.061908444	-0.144045001	-181.8077911	216.6700882	0.000250369	0.000664813			
200	45	-0.057489701	-0.137314275	-200	200	0.000249689	0.000686571			
200	50	-0.053084715	-0.128681081	-216.6700882	181.8077911	0.000250809	0.000707786			
200	55	-0.048786165	-0.117978478	-231.6911861	162.2319151	0.000253101	0.000727221			
200	60	-0.044722827	-0.10520716	-244.9489743	141.4213562	0.000255991	0.000743927			
200	65	-0.041055311	-0.09050309	-256.3425528	119.5344955	0.00025892	0.000757129			
200	70	-0.037920931	-0.074166918	-265.7852098	96.73790506	0.000261514	0.000766679			
200	75	-0.035436312	-0.056577619	-273.2050808	73.20508076	0.000263506	0.000772865			
200	80	-0.033654845	-0.038130724	-278.5456961	49.11512159	0.000264849	0.000776354			
200	85	-0.032592018	-0.019171589	-281.7664106	24.65136669	0.000265594	0.000777709			
200	90	-0.032239764	5.84746E-06	-282.8427125	1.73262E-14	0.000265829	337491881.6			
200	95	-0.032592471	0.019182832	-281.7664106	-24.65136669	0.000265592	0.000778165			
200	100	-0.033655845	0.03813992	-278.5456961	-49.11512159	0.000264846	0.000776541			
200	105	-0.035437085	0.056583673	-273.2050808	-73.20508076	0.000263503	0.000772947			
200	110	-0.037925632	0.074169763	-265.7852098	-96.73790506	0.000261496	0.000766708			
200	115	-0.041055924	0.090501475	-256.3425528	-119.5344955	0.000258918	0.000757116			
200	120	-0.044719026	0.105217462	-244.9489743	-141.4213562	0.000256006	0.000744			
200	125	-0.048786672	0.117968004	-231.6911861	-162.2319151	0.000253099	0.000727157			
200	130	-0.053088131	0.12865969	-216.6700882	-181.8077911	0.000250793	0.000707669			
200	135	-0.057492741	0.137294473	-200	-200	0.000249674	0.000686472			
200	140	-0.061911294	0.144026844	-181.8077911	-216.6700882	0.000250353	0.000664729			
200	145	-0.06631277	0.149088733	-162.2319151	-231.6911861	0.000253432	0.00064348			
200	150	-0.070716479	0.152763864	-141.4213562	-244.9489743	0.000259586	0.000623656			
200	155	-0.075154466	0.155295119	-119.5344955	-256.3425528	0.000269989	0.000605811			
200	160	-0.079654387	0.156879146	-96.73790506	-265.7852098	0.000287096	0.000590248			
200	165	-0.084237686	0.157651643	-73.20508076	-273.2050808	0.000316779	0.000577045			
200	170	-0.088923783	0.157712455	-49.11512159	-278.5456961	0.000376742	0.0005662			
200	175	-0.093725624	0.157125692	-24.65136669	-281.7664106	0.000555826	0.000557645			
220	5	-0.091668311	-0.163074275	-27.11650336	309.9430516	0.000581166	0.000526143			
220	10	-0.086531697	-0.163781657	-54.02663375	306.4002657	0.000386769	0.000534535			
220	15	-0.081526827	-0.16385528	-80.52558883	300.5255888	0.000321645	0.000545229			
220	20	-0.076640234	-0.163253734	-106.4116956	292.3637307	0.000289322	0.000558393			
220	25	-0.071851081	-0.161855114	-131.487945	281.9768081	0.000270568	0.000574002			
220	30	-0.067136921	-0.159556773	-155.5634919	269.4438717	0.000258998	0.000592171			
220	35	-0.062466126	-0.156161719	-178.4551066	254.8603047	0.000251948	0.000612735			
220	40	-0.057798219	-0.151403133	-199.9885702	238.337097	0.000248161	0.000635248			
220	45	-0.053095186	-0.144950843	-220	220	0.000246965	0.000658867			
220	50	-0.048364718	-0.136482266	-238.337097	199.9885702	0.000247812	0.00068245			
220	55	-0.043692697	-0.12578226	-254.8603047	178.4551066	0.000250077	0.00070484			
220	60	-0.039225524	-0.112731548	-269.4438717	155.5634919	0.000253121	0.000724666			
220	65	-0.035145146	-0.097438952	-281.9768081	131.487945	0.000256341	0.000741049			
220	70	-0.031624364	-0.080169903	-292.3637307	106.4116956	0.000259277	0.000753394			
220	75	-0.028808909	-0.061350783	-300.5255888	80.52558883	0.000261604	0.000761879			
220	80	-0.026779701	-0.041442165	-306.4002657	54.02663375	0.000263211	0.000767069			
220	85	-0.025566477	-0.020868895	-309.9430516	27.11650336	0.000264116	0.000769601			
220	90	-0.025165273	5.64957E-06	-311.1269837	1.90588E-14	0.000264401	296427912			
220	95	-0.025566945	0.020879919	-309.9430516	-27.11650336	0.000264115	0.000770008			
220	100	-0.026780417	0.041451662	-306.4002657	-54.02663375	0.000263208	0.000767245			
220	105	-0.028810075	0.06135699	-300.5255888	-80.52558883	0.0002616	0.000761956			
220	110	-0.031625879	0.080170959	-292.3637307	-106.4116956	0.000259272	0.000753404			
220	115	-0.035141196	0.097451171	-281.9768081	-131.487945	0.000256355	0.000741141			
220	120	-0.039225708	0.11272339	-269.4438717	-155.5634919	0.000253121	0.000724613			
220	125	-0.043695286	0.12576268	-254.8603047	-178.4551066	0.000250067	0.00070473			
220	130	-0.048365659	0.136464971	-238.337097	-199.9885702	0.000247808	0.000682364			
220	135	-0.053096569	0.144930814	-220	-220	0.000246959	0.000658776			
220	140	-0.057800696	0.151382611	-199.9885702	-238.337097	0.000248148	0.000635162			
220	145	-0.062460625	0.156180739	-178.4551066	-254.8603047	0.000251979	0.000612809			
220	150	-0.06714198	0.159538088	-155.5634919	-269.4438717	0.000258965	0.000592101			
220	155	-0.071857361	0.161838076	-131.487945	-281.9768081	0.00027052	0.000573941			
220	160	-0.07664711	0.163226429	-106.4116956	-292.3637307	0.000289258	0.000558299			
220	165	-0.081537145	0.163840276	-80.52558883	-300.5255888	0.000321517	0.000545179			
220	170	-0.086544512	0.163767356	-54.02663375	-306.4002657	0.000386531	0.000534488			
220	175	-0.091670095	0.163094871	-27.11650336	-309.9430516	0.0005811	0.000526209			
240	5	-0.089680655	-0.168378441	-29.58164002	338.1196927	0.000599928	0.000497985			
240	10	-0.084212293	-0.169181005	-58.93814591	334.2548354	0.000393891	0.000506144			
240	15	-0.078889626	-0.169359023	-87.84609691	327.8460969	0.000324862	0.000516581			
240	20	-0.073696091	-0.16886575	-116.0854861	318.9422517	0.000290574	0.000529456			
240	25	-0.068617718	-0.167633437	-143.4413946	307.6110634	0.000270562	0.000544953			
240	30	-0.063625246	-0.165506912	-169.7056275	293.9387691	0.000258107	0.000563066			
240	35	-0.058685987	-0.162332293	-194.6782981	278.0294234	0.00025037	0.000583867			
240	40	-0.053754686	-0.157845306	-218.1693493	260.0041058	0.000246014	0.000607088			
240	45	-0.048779328	-0.15167629	-240	240	0.000244367	0.000631985			
240	50	-0.043740969	-0.143427105	-260.0041058	218.1693493	0.000244944	0.000657412			
240	55	-0.038718642	-0.132795424	-278.0294234	194.6782981	0.000247128	0.000682128			
240	60	-0.033855534	-0.119598861	-293.9387691	169.7056275	0.000250297	0.000704743			
240	65	-0.029363436	-0.103863851	-307.6110634	143.4413946	0.000253775	0.000724086			
240	70	-0.025444842	-0.085808974	-318.9422517	116.0854861	0.000257045	0.000739188			
240	75	-0.02228748	-0.06588411	-327.8460969	87.84609691	0.000259695	0.000749995			
240	80	-0.019996708	-0.044613172	-334.2548354	58.93814591	0.000261569	0.000756949			
240	85	-0.018619862	-0.022503059	-338.1196927	29.58164002	0.000262651	0.00076071			
240	90	-0.018163437	5.683E-06	-339.411255	2.07915E-14	0.000262997	273333371.4			
240	95	-0.018620368	0.022514079	-338.1196927	-29.58164002	0.00026265	0.000761083			
240	100	-0.019995155	0.044621321	-334.2548354	-58.93814591	0.000261574	0.000757087			
240	105	-0.02229003	0.065890875	-327.8460969	-87.84609691	0.000259687	0.000750072			
240	110	-0.025449546	0.085806121	-318.9422517	-116.0854861	0.000257031	0.000739163			
240	115	-0.029364066	0.103859409	-307.6110634	-143.4413946	0.000253773	0.000724055			
240	120	-0.033856501	0.119585489	-293.9387691	-169.7056275	0.000250294	0.000704664			
240	125	-0.038718839	0.132780752	-278.0294234	-194.6782981	0.000247127	0.000682052			
240	130	-0.043740584	0.143409421	-260.0041058	-218.1693493	0.000244946	0.000657331			
240	135	-0.048779289	0.151657565	-240	-240	0.000244368	0.000631907			
240	140	-0.053756267	0.157826336	-218.1693493	-260.0041058	0.000246007	0.000607015			
240	145	-0.058688566	0.162317385	-194.6782981	-278.0294234	0.000250356	0.000583814			
240	150	-0.063629538	0.165492258	-169.7056275	-293.9387691	0.000258082	0.000563016			
240	155	-0.068621539	0.167610397	-143.4413946	-307.6110634	0.000270535	0.000544878			
240	160	-0.073703687	0.16885396	-116.0854861	-318.9422517	0.000290508	0.000529419			
240	165	-0.078899687	0.169349108	-87.84609691	-327.8460969	0.000324748	0.000516551			
240	170	-0.084224752	0.169171282	-58.93814591	-334.2548354	0.00039368	0.000506115			
240	175	-0.089696075	0.168369016	-29.58164002	-338.1196927	0.000599406	0.000497957			
260	5	-0.087754604	-0.173165995	-32.04677669	366.2963337	0.000613881	0.000472748			
260	10	-0.081965557	-0.174055093	-63.84965806	362.109405	0.00039878	0.00048067			
260	15	-0.076329537	-0.174304275	-95.16660498	355.166605	0.000326774	0.000490768			
260	20	-0.070836275	-0.173913071	-125.7592766	345.5207727	0.000290962	0.000503336			
260	25	-0.065463824	-0.172769478	-155.3948441	333.2453187	0.000270045	0.000518445			
260	30	-0.060194023	-0.170793025	-183.8477631	318.4336666	0.000256916	0.000536354			
260	35	-0.054986588	-0.167806235	-210.9014896	301.198542	0.000248651	0.000557128			
260	40	-0.049789976	-0.163526648	-236.3501284	281.6711146	0.000243865	0.000580559			
260	45	-0.044548136	-0.157623556	-260	260	0.000241844	0.000606244			
260	50	-0.039216909	-0.149609832	-281.6711146	236.3501284	0.000242164	0.000633001			
260	55	-0.033856752	-0.139106008	-301.198542	210.9014896	0.00024426	0.000659578			
260	60	-0.028613171	-0.125842202	-318.4336666	183.8477631	0.000247506	0.000684491			
260	65	-0.023710352	-0.109781383	-333.2453187	155.3948441	0.000251218	0.000706467			
260	70	-0.019389832	-0.091078704	-345.5207727	125.7592766	0.000254797	0.00072423			
260	75	-0.015874031	-0.070170186	-355.166605	95.16660498	0.000257776	0.00073734			
260	80	-0.013303176	-0.047637882	-362.109405	63.84965806	0.000259933	0.000746095			
260	85	-0.011753817	-0.024067636	-366.2963337	32.04677669	0.000261192	0.000751016			
260	90	-0.011238233	5.82585E-06	-367.6955262	2.25241E-14	0.0002616	258649705.8			
260	95	-0.011753628	0.024078537	-366.2963337	-32.04677669	0.000261193	0.000751356			
260	100	-0.013305794	0.047645384	-362.109405	-63.84965806	0.000259926	0.000746212			
260	105	-0.015874048	0.070177113	-355.166605	-95.16660498	0.000257776	0.000737413			
260	110	-0.019390673	0.09107846	-345.5207727	-125.7592766	0.000254795	0.000724229			
260	115	-0.02371072	0.10977432	-333.2453187	-155.3948441	0.000251217	0.000706422			
260	120	-0.028612281	0.125831993	-318.4336666	-183.8477631	0.000247509	0.000684436			
260	125	-0.033855016	0.13909287	-301.198542	-210.9014896	0.000244266	0.000659516			
260	130	-0.039214674	0.149592461	-281.6711146	-236.3501284	0.000242172	0.000632927			
260	135	-0.044546551	0.15760675	-260	-260	0.00024185	0.00060618			
260	140	-0.049788716	0.163516377	-236.3501284	-281.6711146	0.00024387	0.000580522			
260	145	-0.054980098	0.167815452	-210.9014896	-301.198542	0.000248682	0.000557159			
260	150	-0.0601953	0.170785803	-183.8477631	-318.4336666	0.000256909	0.000536331			
260	155	-0.065466708	0.172763036	-155.3948441	-333.2453187	0.000270027	0.000518426			
260	160	-0.070833127	0.173921352	-125.7592766	-345.5207727	0.000290987	0.00050336			
260	165	-0.076338224	0.174298437	-95.16660498	-355.166605	0.000326683	0.000490751			
260	170	-0.0819762	0.174038265	-63.84965806	-362.109405	0.000398613	0.000480623			
260	175	-0.087771122	0.173159336	-32.04677669	-366.2963337	0.000613365	0.00047273			
280	5	-0.085894967	-0.177527829	-34.51191336	394.4729748	0.000623916	0.000450038			
280	10	-0.079792658	-0.178460171	-68.76117022	389.9639746	0.000401896	0.000457632			
280	15	-0.073852146	-0.178785977	-102.4871131	382.4871131	0.000327606	0.00046743			
280	20	-0.068059948	-0.178454856	-135.4330671	372.0992937	0.000290679	0.000479589			
280	25	-0.062399757	-0.177407336	-167.3482937	358.879574	0.000269066	0.000494337			
280	30	-0.056850523	-0.175537173	-197.9898987	342.928564	0.000255452	0.000511877			
280	35	-0.051371488	-0.172681973	-227.1246811	324.3676606	0.000246807	0.000532365			
280	40	-0.045911927	-0.168591159	-254.5309075	303.3381234	0.000241682	0.000555786			
280	45	-0.0404058	-0.162905595	-280	280	0.000239363	0.000581806			
280	50	-0.03479174	-0.155125993	-303.3381234	254.5309075	0.000239455	0.000609458			
280	55	-0.029103807	-0.14478279	-324.3676606	227.1246811	0.000241466	0.00063746			
280	60	-0.023492554	-0.131518141	-342.928564	197.9898987	0.000244759	0.000664267			
280	65	-0.018183718	-0.11521433	-358.879574	167.3482937	0.000248673	0.00068847			
280	70	-0.013456215	-0.095974788	-372.0992937	135.4330671	0.000252544	0.000708651			
280	75	-0.009562736	-0.074204693	-382.4871131	102.4871131	0.000255864	0.000724039			
280	80	-0.006705267	-0.050504222	-389.9639746	68.76117022	0.000258286	0.000734488			
280	85	-0.004970172	-0.025560655	-394.4729748	34.51191336	0.000259732	0.000740633			
280	90	-0.004391457	5.49948E-06	-395.9797975	2.42567E-14	0.000260205	226720213			
280	95	-0.004969475	0.025572682	-394.4729748	-34.51191336	0.000259734	0.000740981			
280	100	-0.006704397	0.050516457	-389.9639746	-68.76117022	0.000258288	0.000734665			
280	105	-0.009562247	0.07421072	-382.4871131	-102.4871131	0.000255865	0.000724098			
280	110	-0.013455875	0.095974132	-372.0992937	-135.4330671	0.000252544	0.000708646			
280	115	-0.018182192	0.115210139	-358.879574	-167.3482937	0.000248678	0.000688445			
280	120	-0.023490842	0.131506566	-342.928564	-197.9898987	0.000244764	0.000664208			
280	125	-0.029100804	0.144769353	-324.3676606	-227.1246811	0.000241475	0.0006374			
280	130	-0.034787005	0.155113848	-303.3381234	-254.5309075	0.00023947	0.000609411			
280	135	-0.040401308	0.16289571	-280	-280	0.000239379	0.00058177			
280	140	-0.04590852	0.168586799	-254.5309075	-303.3381234	0.000241696	0.000555772			
280	145	-0.051369103	0.172680505	-227.1246811	-324.3676606	0.000246818	0.00053236			
280	150	-0.056844535	0.175557229	-197.9898987	-342.928564	0.000255483	0.000511935			
280	155	-0.062399201	0.177408908	-167.3482937	-358.879574	0.000269069	0.000494341			
280	160	-0.068062812	0.178458875	-135.4330671	-372.0992937	0.000290658	0.0004796			
280	165	-0.073857798	0.178786968	-102.4871131	-382.4871131	0.00032755	0.000467433			
280	170	-0.079801948	0.178461308	-68.76117022	-389.9639746	0.000401761	0.000457635			
280	175	-0.085910273	0.177515871	-34.51191336	-394.4729748	0.000623472	0.000450008			
300	5	-0.084100228	-0.181502299	-36.97705003	422.6496158	0.000630858	0.000429439			
300	10	-0.07769478	-0.182499737	-73.67268238	417.8185442	0.000403579	0.000436792			
300	15	-0.071456601	-0.182877148	-109.8076211	409.8076211	0.000327581	0.000446251			
300	20	-0.065371158	-0.182603468	-145.1068576	398.6778146	0.00028983	0.000458023			
300	25	-0.05942689	-0.181630222	-179.3017432	384.5138292	0.000267709	0.000472363			
300	30	-0.05359666	-0.179834089	-212.1320344	367.4234614	0.000253761	0.000489446			
300	35	-0.047847086	-0.1770875	-243.3478726	347.5367792	0.000244836	0.00050955			
300	40	-0.04212065	-0.173141676	-272.7116866	325.0051323	0.000239472	0.000532735			
300	45	-0.036350036	-0.16763539	-300	300	0.000236925	0.000558785			
300	50	-0.030460212	-0.16006767	-325.0051323	272.7116866	0.000236819	0.000586948			
300	55	-0.024453248	-0.14988812	-347.5367792	243.3478726	0.00023875	0.000615942			
300	60	-0.018483894	-0.136676282	-367.4234614	212.1320344	0.000242074	0.000644298			
300	65	-0.012776981	-0.120186702	-384.5138292	179.3017432	0.000246156	0.000670304			
300	70	-0.007641094	-0.100514229	-398.6778146	145.1068576	0.000250293	0.000692691			
300	75	-0.003366336	-0.077970372	-409.8076211	109.8076211	0.000253927	0.000710063			
300	80	-0.000196608	-0.05322332	-417.8185442	73.67268238	0.000256645	0.00072243			
300	85	0.001730322	-0.026984851	-422.6496158	36.97705003	0.00025827	0.000729773			
300	90	0.002372902	5.932E-06	-424.2640687	2.59893E-14	0.000258802	228247471.3			
300	95	0.001728025	0.02699218	-422.6496158	-36.97705003	0.000258265	0.000729971			
300	100	-0.000195872	0.053234203	-417.8185442	-73.67268238	0.000256646	0.000722577			
300	105	-0.003365233	0.077977176	-409.8076211	-109.8076211	0.00025393	0.000710125			
300	110	-0.007640173	0.100512294	-398.6778146	-145.1068576	0.000250296	0.000692678			
300	115	-0.012776141	0.120185346	-384.5138292	-179.3017432	0.000246159	0.000670297			
300	120	-0.018480082	0.136669504	-367.4234614	-212.1320344	0.000242084	0.000644266			
300	125	-0.024448914	0.149875885	-347.5367792	-243.3478726	0.000238762	0.000615891			
300	130	-0.030452895	0.16006193	-325.0051323	-272.7116866	0.000236841	0.000586927			
300	135	-0.036343057	0.167633476	-300	-300	0.000236948	0.000558778			
300	140	-0.042114042	0.173165855	-272.7116866	-325.0051323	0.000239496	0.00053281			
300	145	-0.047841786	0.177093741	-243.3478726	-347.5367792	0.000244858	0.000509568			
300	150	-0.053591973	0.179843122	-212.1320344	-367.4234614	0.000253783	0.000489471			
300	155	-0.059421706	0.181630321	-179.3017432	-384.5138292	0.000267737	0.000472364			
300	160	-0.065371047	0.182613134	-145.1068576	-398.6778146	0.000289831	0.000458047			
300	165	-0.071456188	0.182898744	-109.8076211	-409.8076211	0.000327585	0.000446304			
300	170	-0.077701233	0.182506132	-73.67268238	-417.8185442	0.000403491	0.000436807			
300	175	-0.084113109	0.181506441	-36.97705003	-422.6496158	0.00063051	0.000429449			
320	5	-0.082367105	-0.185169601	-39.4421867	450.8262569	0.00063537	0.000410734			
320	10	-0.075667583	-0.186215418	-78.58419454	445.6731138	0.000404151	0.00041783			
320	15	-0.069139414	-0.186637333	-117.1281292	437.1281292	0.000326891	0.000426963			
320	20	-0.062766916	-0.186408898	-154.7806481	425.2563356	0.000288541	0.000438345			
320	25	-0.056537665	-0.185476108	-191.2551928	410.1480845	0.000266083	0.000452217			
320	30	-0.050432553	-0.183752444	-226.27417	391.9183588	0.000251884	0.000468854			
320	35	-0.044411264	-0.181091775	-259.5710641	370.7058978	0.000242771	0.000488505			
320	40	-0.038416687	-0.177258944	-290.8924657	346.6721411	0.000237238	0.000511316			
320	45	-0.032379826	-0.171914712	-320	320	0.000234524	0.000537233			
320	50	-0.026214282	-0.164518039	-346.6721411	290.8924657	0.000234265	0.000565563			
320	55	-0.019898697	-0.154497009	-370.7058978	259.5710641	0.000236114	0.000595201			
320	60	-0.013580188	-0.141359223	-391.9183588	226.27417	0.000239456	0.000624725			
320	65	-0.007486715	-0.124748672	-410.1480845	191.2551928	0.00024367	0.000652263			
320	70	-0.001942056	-0.104704431	-425.2563356	154.7806481	0.000248051	0.00067647			
320	75	0.002716933	-0.081479532	-437.1281292	117.1281292	0.000251973	0.000695644			
320	80	0.006208986	-0.055775573	-445.6731138	78.58419454	0.000254977	0.000709756			
320	85	0.008336842	-0.028327573	-450.8262569	39.4421867	0.000256783	0.000718205			
320	90	0.009050579	7.53381E-06	-452.54834	2.77219E-14	0.000257383	271763254.3			
320	95	0.008336891	0.02833985	-450.8262569	-39.4421867	0.000256783	0.000718516			
320	100	0.006209741	0.055785388	-445.6731138	-78.58419454	0.000254979	0.000709881			
320	105	0.002718511	0.081486436	-437.1281292	-117.1281292	0.000251976	0.000695703			
320	110	-0.001938911	0.104706041	-425.2563356	-154.7806481	0.000248059	0.00067648			
320	115	-0.007479855	0.124775069	-410.1480845	-191.2551928	0.000243687	0.000652401			
320	120	-0.013574049	0.141358085	-391.9183588	-226.27417	0.000239472	0.00062472			
320	125	-0.019892272	0.154517208	-370.7058978	-259.5710641	0.000236131	0.000595279			
320	130	-0.026205328	0.16451833	-346.6721411	-290.8924657	0.000234291	0.000565564			
320	135	-0.032370067	0.17191233	-320	-320	0.000234554	0.000537226			
320	140	-0.038408334	0.177285137	-290.8924657	-346.6721411	0.000237267	0.000511391			
320	145	-0.044403663	0.181106013	-259.5710641	-370.7058978	0.0002428	0.000488544			
320	150	-0.050424986	0.18376755	-226.27417	-391.9183588	0.000251918	0.000468892			
320	155	-0.056532336	0.185490862	-191.2551928	-410.1480845	0.000266111	0.000452253			
320	160	-0.062764131	0.186422253	-154.7806481	-425.2563356	0.000288559	0.000438376			
320	165	-0.069138924	0.186649292	-117.1281292	-437.1281292	0.000326895	0.00042699			
320	170	-0.075671879	0.186224397	-78.58419454	-445.6731138	0.000404097	0.00041785			
320	175	-0.082370509	0.185189624	-39.4421867	-450.8262569	0.000635284	0.000410778			
340	5	-0.080693904	-0.188558804	-41.90732337	479.002898	0.000637922	0.000393649			
340	10	-0.073708156	-0.189642173	-83.4957067	473.5276834	0.000403845	0.000400488			
340	15	-0.066898103	-0.190104948	-124.4486373	464.4486373	0.000325672	0.000409313			
340	20	-0.060245094	-0.189914883	-164.4544386	451.8348566	0.000286903	0.000420319			
340	25	-0.05373763	-0.189021091	-203.2086423	435.7823398	0.000264211	0.000433751			
340	30	-0.047355326	-0.1873461	-240.4163056	416.4132563	0.000249867	0.000449904			
340	35	-0.041065509	-0.184759566	-275.7942556	393.8750164	0.000240621	0.000469082			
340	40	-0.034798563	-0.181007389	-309.0732448	368.3391499	0.000234989	0.000491415			
340	45	-0.028490972	-0.175779635	-340	340	0.000232166	0.000516999			
340	50	-0.022051395	-0.168547594	-368.3391499	309.0732448	0.000231787	0.000545332			
340	55	-0.015436506	-0.158663962	-393.8750164	275.7942556	0.000233554	0.000575298			
340	60	-0.008773727	-0.145610434	-416.4132563	240.4163056	0.000236913	0.00060566			
340	65	-0.0023022	-0.128928056	-435.7823398	203.2086423	0.000241234	0.000634461			
340	70	0.003648735	-0.108560406	-451.8348566	164.4544386	0.000245834	0.000660125			
340	75	0.008691421	-0.084746625	-464.4486373	124.4486373	0.000250015	0.000680977			
340	80	0.012503812	-0.058153114	-473.5276834	83.4957067	0.000253272	0.00069648			
340	85	0.014854799	-0.029600097	-479.002898	41.90732337	0.000255285	0.000706323			
340	90	0.015641701	6.83859E-06	-480.8326112	2.94546E-14	0.00025595	232174264.3			
340	95	0.014860561	0.02961219	-479.002898	-41.90732337	0.000255297	0.000706611			
340	100	0.012504975	0.058162818	-473.5276834	-83.4957067	0.000253274	0.000696597			
340	105	0.008695262	0.084755599	-464.4486373	-124.4486373	0.000250023	0.000681049			
340	110	0.003649317	0.108563863	-451.8348566	-164.4544386	0.000245835	0.000660146			
340	115	-0.002295445	0.128927417	-435.7823398	-203.2086423	0.000241249	0.000634458			
340	120	-0.008766337	0.145610667	-416.4132563	-240.4163056	0.000236931	0.000605661			
340	125	-0.015425651	0.158666584	-393.8750164	-275.7942556	0.000233581	0.000575308			
340	130	-0.022040613	0.168552759	-368.3391499	-309.0732448	0.000231816	0.000545349			
340	135	-0.028480663	0.175808184	-340	-340	0.000232197	0.000517083			
340	140	-0.034788275	0.181025394	-309.0732448	-368.3391499	0.000235023	0.000491464			
340	145	-0.041053141	0.184770748	-275.7942556	-393.8750164	0.000240666	0.00046911			
340	150	-0.047347166	0.187365276	-240.4163056	-416.4132563	0.000249901	0.00044995			
340	155	-0.053731229	0.18904709	-203.2086423	-435.7823398	0.000264242	0.000433811			
340	160	-0.060240221	0.189931691	-164.4544386	-451.8348566	0.000286932	0.000420356			
340	165	-0.066895688	0.190121071	-124.4486373	-464.4486373	0.000325691	0.000409348			
340	170	-0.073710032	0.189653691	-83.4957067	-473.5276834	0.000403823	0.000400512			
340	175	-0.080702728	0.188561472	-41.90732337	-479.002898	0.000637711	0.000393654			
360	5	-0.07907512	-0.191677471	-44.37246004	507.179539	0.000638963	0.000377928			
360	10	-0.071812484	-0.192809079	-88.40721886	501.382253	0.000402852	0.000384555			
360	15	-0.06473069	-0.193316953	-131.7691454	491.7691454	0.000324027	0.000393105			
360	20	-0.057803169	-0.193154119	-174.1282291	478.4133776	0.000284987	0.000403739			
360	25	-0.051021881	-0.192292988	-215.1620919	461.4165951	0.000262154	0.000416745			
360	30	-0.044365207	-0.190653908	-254.5584412	440.9081537	0.000247732	0.000432412			
360	35	-0.037800126	-0.188110983	-292.0174471	417.044135	0.000238436	0.000451058			
360	40	-0.031264379	-0.184441686	-327.2540239	390.0061587	0.000232734	0.00047292			
360	45	-0.024684563	-0.179308406	-360	360	0.000229841	0.000498079			
360	50	-0.017969597	-0.172209097	-390.0061587	327.2540239	0.000229376	0.000526225			
360	55	-0.011056421	-0.162460876	-417.044135	292.0174471	0.000231081	0.00055634			
360	60	-0.004059114	-0.149475684	-440.9081537	254.5584412	0.000234444	0.000587196			
360	65	0.002786773	-0.132761021	-461.4165951	215.1620919	0.000238861	0.000617028			
360	70	0.009127756	-0.112110411	-478.4133776	174.1282291	0.000243629	0.000643838			
360	75	0.014559987	-0.087778886	-491.7691454	131.7691454	0.000248058	0.000666157			
360	80	0.018691751	-0.06036718	-501.382253	88.40721886	0.000251543	0.000682831			
360	85	0.021271459	-0.030787099	-507.179539	44.37246004	0.000253754	0.000693834			
360	90	0.022139923	6.87466E-06	-509.1168825	3.11872E-14	0.000254494	220432300.6			
360	95	0.021271893	0.030799428	-507.179539	-44.37246004	0.000253755	0.000694111			
360	100	0.018692434	0.060376446	-501.382253	-88.40721886	0.000251544	0.000682936			
360	105	0.014564571	0.087787647	-491.7691454	-131.7691454	0.000248068	0.000666223			
360	110	0.009133263	0.112113134	-478.4133776	-174.1282291	0.00024364	0.000643854			
360	115	0.002794426	0.132761663	-461.4165951	-215.1620919	0.000238877	0.000617031			
360	120	-0.004048502	0.149483471	-440.9081537	-254.5584412	0.000234468	0.000587227			
360	125	-0.01104314	0.16246518	-417.044135	-292.0174471	0.000231113	0.000556354			
360	130	-0.017956308	0.172221747	-390.0061587	-327.2540239	0.00022941	0.000526263			
360	135	-0.024672167	0.179327001	-360	-360	0.000229876	0.000498131			
360	140	-0.031254009	0.18446276	-327.2540239	-390.0061587	0.000232766	0.000472974			
360	145	-0.037789356	0.188132567	-292.0174471	-417.044135	0.000238473	0.000451109			
360	150	-0.044356136	0.190681594	-254.5584412	-440.9081537	0.000247768	0.000432475			
360	155	-0.051014153	0.192311148	-215.1620919	-461.4165951	0.00026219	0.000416784			
360	160	-0.057796656	0.193170341	-174.1282291	-478.4133776	0.000285025	0.000403773			
360	165	-0.064724885	0.193325749	-131.7691454	-491.7691454	0.000324071	0.000393123			
360	170	-0.071811451	0.192820999	-88.40721886	-501.382253	0.000402864	0.000384579			
360	175	-0.079081566	0.191688679	-44.37246004	-507.179539	0.000638818	0.00037795			
380	5	-0.077507699	-0.194570464	-46.8375967	535.3561801	0.000638799	0.000363441			
380	10	-0.069977656	-0.195740887	-93.31873102	529.2368226	0.000401311	0.000369855			
380	15	-0.062627752	-0.196276585	-139.0896534	519.0896534	0.000322093	0.000378117			
380	20	-0.055437156	-0.196150386	-183.8020196	504.9918985	0.000282861	0.000388423			
380	25	-0.04838823	-0.195318064	-227.1155414	487.0508504	0.000259953	0.000401022			
380	30	-0.041459388	-0.193708751	-268.7005769	465.4030511	0.000245508	0.000416217			
380	35	-0.034620069	-0.191204843	-308.2406386	440.2132537	0.000236203	0.000434346			
380	40	-0.027813933	-0.187592439	-345.434803	411.6731675	0.000230473	0.000455683			
380	45	-0.020958287	-0.182546914	-380	380	0.000227551	0.000480387			
380	50	-0.013964822	-0.175550451	-411.6731675	345.434803	0.000227031	0.000508201			
380	55	-0.00675532	-0.165920526	-440.2132537	308.2406386	0.00022869	0.000538282			
380	60	0.00057243	-0.153003097	-465.4030511	268.7005769	0.000232057	0.000569419			
380	65	0.007782926	-0.136266015	-487.0508504	227.1155414	0.000236547	0.000599985			
380	70	0.014517635	-0.11538799	-504.9918985	183.8020196	0.000241479	0.000627784			
380	75	0.020324321	-0.090583653	-519.0896534	139.0896534	0.000246107	0.000651261			
380	80	0.024780043	-0.06243335	-529.2368226	93.31873102	0.000249808	0.000669033			
380	85	0.027584615	-0.031886722	-535.3561801	46.8375967	0.000252191	0.000680793			
380	90	0.028540186	6.65688E-06	-537.4011537	3.29198E-14	0.00025301	202215034.6			
380	95	0.027583495	0.031897672	-535.3561801	-46.8375967	0.000252189	0.000681027			
380	100	0.024781571	0.062442281	-529.2368226	-93.31873102	0.000249811	0.000669129			
380	105	0.02032984	0.09059127	-519.0896534	-139.0896534	0.000246118	0.000651316			
380	110	0.014520605	0.115389692	-504.9918985	-183.8020196	0.000241485	0.000627793			
380	115	0.007792905	0.136271727	-487.0508504	-227.1155414	0.000236568	0.000600011			
380	120	0.00058431	0.153013139	-465.4030511	-268.7005769	0.000232082	0.000569456			
380	125	-0.006742745	0.165951568	-440.2132537	-308.2406386	0.000228718	0.000538383			
380	130	-0.013951008	0.175564961	-411.6731675	-345.434803	0.000227065	0.000508243			
380	135	-0.020946096	0.182570191	-380	-380	0.000227583	0.000480448			
380	140	-0.027802846	0.187624063	-345.434803	-411.6731675	0.000230506	0.00045576			
380	145	-0.034610474	0.19122521	-308.2406386	-440.2132537	0.000236234	0.000434392			
380	150	-0.041450833	0.193737312	-268.7005769	-465.4030511	0.00024554	0.000416279			
380	155	-0.048379803	0.195336041	-227.1155414	-487.0508504	0.00025999	0.000401059			
380	160	-0.055430566	0.196167666	-183.8020196	-504.9918985	0.000282896	0.000388457			
380	165	-0.062624959	0.196298906	-139.0896534	-519.0896534	0.000322113	0.00037816			
380	170	-0.06997536	0.195752831	-93.31873102	-529.2368226	0.000401336	0.000369878			
380	175	-0.077511194	0.194582336	-46.8375967	-535.3561801	0.000638724	0.000363463			
400	5	-0.075987739	-0.197259644	-49.30273337	563.5328211	0.000637688	0.000350041			
400	10	-0.068200401	-0.198462698	-98.23024318	557.0913923	0.000399338	0.000356248			
400	15	-0.060593567	-0.199028509	-146.4101615	546.4101615	0.000319882	0.000364247			
400	20	-0.053146703	-0.198934253	-193.4758101	531.5704195	0.000280556	0.000374239			
400	25	-0.045833029	-0.198119684	-239.068991	512.6851056	0.000257643	0.000386435			
400	30	-0.038636177	-0.196534921	-282.8427125	489.8979486	0.000243214	0.000401175			
400	35	-0.031524521	-0.194057895	-324.4638301	463.3823723	0.000233934	0.000418786			
400	40	-0.024445874	-0.190489038	-363.6155821	433.3401763	0.000228213	0.000439583			
400	45	-0.017311557	-0.185501582	-400	400	0.00022529	0.000463754			
400	50	-0.010038437	-0.178602258	-433.3401763	363.6155821	0.00022474	0.000491184			
400	55	-0.002532016	-0.169079178	-463.3823723	324.4638301	0.000226369	0.000521103			
400	60	0.00512258	-0.156229049	-489.8979486	282.8427125	0.000229742	0.000552353			
400	65	0.012696154	-0.139475369	-512.6851056	239.068991	0.000234303	0.000583411			
400	70	0.019808688	-0.11840565	-531.5704195	193.4758101	0.000239359	0.000611992			
400	75	0.025988116	-0.093174168	-546.4101615	146.4101615	0.000244168	0.000636391			
400	80	0.030769768	-0.064352295	-557.0913923	98.23024318	0.000248069	0.000655117			
400	85	0.033793862	-0.032903009	-563.5328211	49.30273337	0.0002506	0.000667367			
400	90	0.034841566	7.57891E-06	-565.6854249	3.46524E-14	0.000251499	218712293.2			
400	95	0.033792593	0.032913411	-563.5328211	-49.30273337	0.000250598	0.000667578			
400	100	0.030774154	0.064362694	-557.0913923	-98.23024318	0.000248077	0.000655223			
400	105	0.025994471	0.093182947	-546.4101615	-146.4101615	0.000244179	0.000636451			
400	110	0.019815751	0.118406256	-531.5704195	-193.4758101	0.000239372	0.000611995			
400	115	0.012705101	0.139480928	-512.6851056	-239.068991	0.00023432	0.000583434			
400	120	0.005136319	0.156238748	-489.8979486	-282.8427125	0.00022977	0.000552387			
400	125	-0.002516732	0.169088293	-463.3823723	-324.4638301	0.000226402	0.000521131			
400	130	-0.010023697	0.178619563	-433.3401763	-363.6155821	0.000224774	0.000491232			
400	135	-0.017299385	0.185522894	-400	-400	0.00022532	0.000463807			
400	140	-0.024434802	0.19051399	-363.6155821	-433.3401763	0.000228243	0.000439641			
400	145	-0.031514728	0.194077598	-324.4638301	-463.3823723	0.000233964	0.000418828			
400	150	-0.038628001	0.196553511	-282.8427125	-489.8979486	0.000243243	0.000401213			
400	155	-0.045824707	0.198138022	-239.068991	-512.6851056	0.000257678	0.000386471			
400	160	-0.053137364	0.198944484	-193.4758101	-531.5704195	0.000280604	0.000374258			
400	165	-0.060587538	0.199042016	-146.4101615	-546.4101615	0.000319923	0.000364272			
400	170	-0.068198244	0.198476534	-98.23024318	-557.0913923	0.00039936	0.000356273			
400	175	-0.075989311	0.197268465	-49.30273337	-563.5328211	0.000637656	0.000350057			
420	5	-0.074514588	-0.19976449	-51.76787004	591.7094622	0.000635779	0.000337606			
420	10	-0.066479249	-0.200997288	-103.1417553	584.9459619	0.000397009	0.000343617			
420	15	-0.05862114	-0.201587624	-153.7306696	573.7306696	0.00031748	0.000351363			
420	20	-0.050920701	-0.201506851	-203.1496006	558.1489405	0.000278154	0.000361027			
420	25	-0.043351809	-0.200719458	-251.0224405	538.3193609	0.000255259	0.000372863			
420	30	-0.035892237	-0.199151912	-296.9848481	514.392846	0.000240872	0.000387159			
420	35	-0.028509196	-0.196697832	-340.6870216	486.5514909	0.000231645	0.000404269			
420	40	-0.021157639	-0.193161005	-381.7963612	455.0071852	0.000225958	0.000424523			
420	45	-0.013747269	-0.188228922	-420	420	0.000223048	0.000448164			
420	50	-0.006189784	-0.181397842	-455.0071852	381.7963612	0.000222497	0.000475117			
420	55	0.001612543	-0.171961366	-486.5514909	340.6870216	0.000224108	0.000504749			
420	60	0.00959027	-0.159176878	-514.392846	296.9848481	0.000227487	0.000535976			
420	65	0.017516231	-0.142400183	-538.3193609	251.0224405	0.0002321	0.000567281			
420	70	0.025012189	-0.121180883	-558.1489405	203.1496006	0.000237284	0.000596511			
420	75	0.031556667	-0.09556918	-573.7306696	153.7306696	0.000242246	0.000621666			
420	80	0.036659452	-0.06613108	-584.9459619	103.1417553	0.000246325	0.000641167			
420	85	0.039906076	-0.033842685	-591.7094622	51.76787004	0.000248996	0.000653739			
420	90	0.041037089	6.63816E-06	-593.9696962	3.63851E-14	0.000249953	182442061.3			
420	95	0.039907427	0.033855493	-591.7094622	-51.76787004	0.000248999	0.000653987			
420	100	0.036663318	0.066139707	-584.9459619	-103.1417553	0.000246332	0.000641251			
420	105	0.031562096	0.09557704	-573.7306696	-153.7306696	0.000242256	0.000621717			
420	110	0.025019806	0.121181181	-558.1489405	-203.1496006	0.000237297	0.000596512			
420	115	0.017530057	0.142408836	-538.3193609	-251.0224405	0.000232125	0.000567315			
420	120	0.00960563	0.159187873	-514.392846	-296.9848481	0.000227517	0.000536013			
420	125	0.001628252	0.171973117	-486.5514909	-340.6870216	0.00022414	0.000504783			
420	130	-0.006175393	0.181415475	-455.0071852	-381.7963612	0.000222529	0.000475163			
420	135	-0.013732973	0.188243376	-420	-420	0.000223082	0.000448199			
420	140	-0.02114695	0.193180641	-381.7963612	-455.0071852	0.000225986	0.000424566			
420	145	-0.028499522	0.196716276	-340.6870216	-486.5514909	0.000231673	0.000404307			
420	150	-0.035884014	0.199171012	-296.9848481	-514.392846	0.000240899	0.000387196			
420	155	-0.043343258	0.200737763	-251.0224405	-538.3193609	0.000255293	0.000372897			
420	160	-0.050913661	0.201523933	-203.1496006	-558.1489405	0.000278188	0.000361058			
420	165	-0.058615393	0.201601198	-153.7306696	-573.7306696	0.000317517	0.000351386			
420	170	-0.066475893	0.201012692	-103.1417553	-584.9459619	0.000397042	0.000343643			
420	175	-0.074513575	0.199773204	-51.76787004	-591.7094622	0.000635798	0.00033762			
440	5	-0.07308693	-0.202115111	-54.23300671	619.8861032	0.000633204	0.000326052			
440	10	-0.064809789	-0.203369951	-108.0532675	612.8005315	0.000394414	0.00033187			
440	15	-0.056711094	-0.20397574	-161.0511777	601.0511777	0.000314909	0.000339365			
440	20	-0.04876545	-0.203914823	-212.8233911	584.7274615	0.000275637	0.000348735			
440	25	-0.040941519	-0.203140139	-262.9758901	563.9536162	0.000252822	0.000360207			
440	30	-0.033222276	-0.201585304	-311.1269837	538.8877434	0.000238505	0.000374077			
440	35	-0.025572211	-0.199143365	-356.9102132	509.7206095	0.000229344	0.000390691			
440	40	-0.017949069	-0.19562806	-399.9771404	476.674194	0.000223709	0.000410402			
440	45	-0.010259925	-0.190724467	-440	440	0.000220835	0.000433465			
440	50	-0.002420506	-0.183959579	-476.674194	399.9771404	0.000220291	0.000459925			
440	55	0.005676921	-0.174595687	-509.7206095	356.9102132	0.000221895	0.000489187			
440	60	0.013975593	-0.161867381	-538.8877434	311.1269837	0.000225285	0.000520261			
440	65	0.022256647	-0.14507845	-563.9536162	262.9758901	0.000229955	0.00055168			
440	70	0.030123058	-0.123727855	-584.7274615	212.8233911	0.000235239	0.000581364			
440	75	0.037028617	-0.09777959	-601.0511777	161.0511777	0.000240339	0.000607134			
440	80	0.042448315	-0.067772517	-612.8005315	108.0532675	0.000244575	0.000627214			
440	85	0.045926185	-0.034712761	-619.8861032	54.23300671	0.00024739	0.000640067			
440	90	0.047131583	8.21077E-06	-622.2539674	3.81177E-14	0.000248386	215405929.5			
440	95	0.045925901	0.034727174	-619.8861032	-54.23300671	0.00024739	0.000640333			
440	100	0.042452798	0.067780922	-612.8005315	-108.0532675	0.000244583	0.000627292			
440	105	0.037035048	0.097790423	-601.0511777	-161.0511777	0.00024035	0.000607201			
440	110	0.030129412	0.123732903	-584.7274615	-212.8233911	0.00023525	0.000581388			
440	115	0.022267318	0.145087195	-563.9536162	-262.9758901	0.000229974	0.000551713			
440	120	0.013990707	0.161882451	-538.8877434	-311.1269837	0.000225313	0.00052031			
440	125	0.00569301	0.174607789	-509.7206095	-356.9102132	0.000221926	0.00048922			
440	130	-0.002406404	0.183989048	-476.674194	-399.9771404	0.00022032	0.000459999			
440	135	-0.01024776	0.190743516	-440	-440	0.000220863	0.000433508			
440	140	-0.0179392	0.195646975	-399.9771404	-476.674194	0.000223734	0.000410442			
440	145	-0.025563901	0.199161411	-356.9102132	-509.7206095	0.000229367	0.000390727			
440	150	-0.033213616	0.201603075	-311.1269837	-538.8877434	0.000238532	0.00037411			
440	155	-0.040935324	0.203152716	-262.9758901	-563.9536162	0.000252845	0.000360229			
440	160	-0.048754905	0.203926428	-212.8233911	-584.7274615	0.000275687	0.000348755			
440	165	-0.056704439	0.203990821	-161.0511777	-601.0511777	0.00031495	0.00033939			
440	170	-0.064808109	0.203390006	-108.0532675	-612.8005315	0.000394429	0.000331902			
440	175	-0.073080903	0.202119409	-54.23300671	-619.8861032	0.000633315	0.000326059			
460	5	-0.071703416	-0.204317501	-56.69814338	648.0627443	0.000630075	0.000315274			
460	10	-0.063190499	-0.205596208	-112.9647797	640.6551011	0.0003916	0.000320916			
460	15	-0.054855298	-0.206214635	-168.3716857	628.3716857	0.000312239	0.000328173			
460	20	-0.046665357	-0.206161898	-222.4971816	611.3059824	0.000273092	0.000337248			
460	25	-0.038598419	-0.20539503	-274.9293396	589.5878715	0.000250352	0.000348371			
460	30	-0.030622266	-0.203849567	-325.2691193	563.3826408	0.000236128	0.000361831			
460	35	-0.022710679	-0.201413879	-373.1334047	532.8897281	0.000227042	0.000377965			
460	40	-0.014817181	-0.197911091	-418.1579195	498.3412028	0.000221472	0.00039714			
460	45	-0.006853036	-0.193027531	-460	460	0.00021864	0.000419625			
460	50	0.001270239	-0.186306873	-498.3412028	418.1579195	0.000218119	0.000445542			
460	55	0.009660508	-0.177002229	-532.8897281	373.1334047	0.000219723	0.000474367			
460	60	0.01827362	-0.164325639	-563.3826408	325.2691193	0.000223119	0.000505199			
460	65	0.026897953	-0.147520061	-589.5878715	274.9293396	0.000227829	0.000536574			
460	70	0.035128405	-0.126054898	-611.3059824	222.4971816	0.000233199	0.000566546			
460	75	0.042399744	-0.099813275	-628.3716857	168.3716857	0.000238437	0.000592815			
460	80	0.048131739	-0.069285646	-640.6551011	112.9647797	0.000242813	0.000613338			
460	85	0.051831191	-0.035510126	-648.0627443	56.69814338	0.000245746	0.000626301			
460	90	0.053121548	9.21948E-06	-650.5382387	3.98503E-14	0.000246794	231352853.4			
460	95	0.051836474	0.035527301	-648.0627443	-56.69814338	0.000245754	0.000626604			
460	100	0.048135835	0.069296002	-640.6551011	-112.9647797	0.000242819	0.00061343			
460	105	0.042404351	0.099825706	-628.3716857	-168.3716857	0.000238445	0.000592889			
460	110	0.035139869	0.126065815	-611.3059824	-222.4971816	0.000233218	0.000566595			
460	115	0.026912796	0.147533653	-589.5878715	-274.9293396	0.000227855	0.000536624			
460	120	0.018289325	0.164337946	-563.3826408	-325.2691193	0.000223146	0.000505237			
460	125	0.009676001	0.177016383	-532.8897281	-373.1334047	0.000219752	0.000474405			
460	130	0.001283405	0.186323611	-498.3412028	-418.1579195	0.000218146	0.000445582			
460	135	-0.006841024	0.193045436	-460	-460	0.000218666	0.000419664			
460	140	-0.014806402	0.197936779	-418.1579195	-498.3412028	0.000221498	0.000397191			
460	145	-0.022703113	0.201429204	-373.1334047	-532.8897281	0.000227062	0.000377994			
460	150	-0.030615598	0.203865866	-325.2691193	-563.3826408	0.000236149	0.00036186			
460	155	-0.038592621	0.205408815	-274.9293396	-589.5878715	0.000250373	0.000348394			
460	160	-0.046659439	0.206176949	-222.4971816	-611.3059824	0.000273118	0.000337273			
460	165	-0.054850089	0.20622905	-168.3716857	-628.3716857	0.00031227	0.000328196			
460	170	-0.063185989	0.205608175	-112.9647797	-640.6551011	0.00039164	0.000320934			
460	175	-0.071697042	0.204328163	-56.69814338	-648.0627443	0.000630187	0.000315291			
480	5	-0.07036067	-0.206406633	-59.16328005	676.2393853	0.000626517	0.000305227			
480	10	-0.061621787	-0.207697062	-117.8762918	668.5096707	0.000388591	0.000310687			
480	15	-0.0530531	-0.20832387	-175.6921938	655.6921938	0.000309487	0.000317716			
480	20	-0.04463194	-0.208272673	-232.1709721	637.8845034	0.000270471	0.000326505			
480	25	-0.036321041	-0.207506444	-286.8827892	615.2221268	0.000247859	0.000337287			
480	30	-0.028094224	-0.205960054	-339.411255	587.8775383	0.000233738	0.000350345			
480	35	-0.019923765	-0.2035309	-389.3565962	556.0588467	0.000224739	0.000366024			
480	40	-0.011760878	-0.200027899	-436.3386986	520.0082116	0.000219249	0.000384663			
480	45	-0.003524253	-0.195159162	-480	480	0.000216465	0.000406582			
480	50	0.004880328	-0.188459987	-520.0082116	436.3386986	0.000215973	0.000431912			
480	55	0.013562709	-0.179201235	-556.0588467	389.3565962	0.000217585	0.00046025			
480	60	0.02248565	-0.166564781	-587.8775383	339.411255	0.000220987	0.000490746			
480	65	0.031444608	-0.149741312	-615.2221268	286.8827892	0.000225727	0.00052196			
480	70	0.040027414	-0.128177431	-637.8845034	232.1709721	0.000231162	0.000552082			
480	75	0.047647028	-0.101667104	-655.6921938	175.6921938	0.000236505	0.000578666			
480	80	0.053695262	-0.070670268	-668.5096707	117.8762918	0.000241018	0.000599529			
480	85	0.057611957	-0.036240576	-676.2393853	59.16328005	0.000244055	0.000612552			
480	90	0.058979229	9.94749E-06	-678.8225099	4.15829E-14	0.00024514	239220520.5			
480	95	0.057615956	0.03625878	-676.2393853	-59.16328005	0.000244061	0.00061286			
480	100	0.053705457	0.070698087	-668.5096707	-117.8762918	0.000241033	0.000599765			
480	105	0.047655536	0.101682925	-655.6921938	-175.6921938	0.000236518	0.000578756			
480	110	0.040042261	0.128195692	-637.8845034	-232.1709721	0.000231186	0.000552161			
480	115	0.03145933	0.149754592	-615.2221268	-286.8827892	0.000225751	0.000522006			
480	120	0.022501837	0.16658017	-587.8775383	-339.411255	0.000221014	0.000490792			
480	125	0.013577817	0.179217442	-556.0588467	-389.3565962	0.000217612	0.000460291			
480	130	0.004893448	0.188476319	-520.0082116	-436.3386986	0.000215998	0.00043195			
480	135	-0.00351157	0.195169108	-480	-480	0.000216492	0.000406602			
480	140	-0.011752839	0.200042488	-436.3386986	-520.0082116	0.000219267	0.000384691			
480	145	-0.019913233	0.203541362	-389.3565962	-556.0588467	0.000224766	0.000366043			
480	150	-0.028086657	0.205974758	-339.411255	-587.8775383	0.00023376	0.00035037			
480	155	-0.036314668	0.207520319	-286.8827892	-615.2221268	0.000247881	0.00033731			
480	160	-0.044623414	0.208285642	-232.1709721	-637.8845034	0.000270508	0.000326526			
480	165	-0.053049531	0.20833646	-175.6921938	-655.6921938	0.000309507	0.000317735			
480	170	-0.061614997	0.207708304	-117.8762918	-668.5096707	0.000388649	0.000310704			
480	175	-0.070351743	0.206417788	-59.16328005	-676.2393853	0.000626668	0.000305244			
500	5	-0.069056464	-0.208391172	-61.62841672	704.4160264	0.000622619	0.000295835			
500	10	-0.060098486	-0.209686872	-122.787804	696.3642403	0.000385454	0.000301117			
500	15	-0.051305147	-0.210315837	-183.0127019	683.0127019	0.000306658	0.000307924			
500	20	-0.042652917	-0.210259713	-241.8447626	664.4630244	0.000267835	0.000316436			
500	25	-0.034104809	-0.209490091	-298.8362387	640.8563821	0.000245361	0.000326891			
500	30	-0.025629981	-0.207933952	-353.5533906	612.3724357	0.000231358	0.000339555			
500	35	-0.01720026	-0.205493372	-405.5797877	579.2279653	0.000222465	0.000354771			
500	40	-0.008780117	-0.201997495	-454.5194777	541.6752204	0.000217037	0.000372913			
500	45	-0.000269405	-0.197125746	-500	500	0.000214316	0.000394251			
500	50	0.008414634	-0.190438937	-541.6752204	454.5194777	0.000213859	0.00041899			
500	55	0.017384757	-0.18121354	-579.2279653	405.5797877	0.00021548	0.000446801			
500	60	0.026614859	-0.168613427	-612.3724357	353.5533906	0.00021889	0.000476911			
500	65	0.035898201	-0.151771041	-640.8563821	298.8362387	0.000223647	0.000507874			
500	70	0.044821639	-0.130117202	-664.4630244	241.8447626	0.000229131	0.00053802			
500	75	0.052779272	-0.103360825	-683.0127019	183.0127019	0.000234559	0.000564774			
500	80	0.059131055	-0.071937779	-696.3642403	122.787804	0.000239183	0.000585871			
500	85	0.063257817	-0.036910476	-704.4160264	61.62841672	0.000242308	0.00059892			
500	90	0.064691967	1.04237E-05	-707.1067812	4.33155E-14	0.000243414	240646322.1			
500	95	0.063259725	0.036928935	-704.4160264	-61.62841672	0.00024231	0.000599219			
500	100	0.059137941	0.07195217	-696.3642403	-122.787804	0.000239193	0.000585988			
500	105	0.052790177	0.103377973	-683.0127019	-183.0127019	0.000234575	0.000564868			
500	110	0.044834726	0.130131207	-664.4630244	-241.8447626	0.000229151	0.000538077			
500	115	0.035913714	0.151786285	-640.8563821	-298.8362387	0.000223671	0.000507925			
500	120	0.026629211	0.168626559	-612.3724357	-353.5533906	0.000218914	0.000476948			
500	125	0.017399851	0.181230657	-579.2279653	-405.5797877	0.000215506	0.000446843			
500	130	0.008427351	0.190454158	-541.6752204	-454.5194777	0.000213883	0.000419023			
500	135	-0.00025724	0.197134221	-500	-500	0.000214341	0.000394268			
500	140	-0.008769269	0.202007247	-454.5194777	-541.6752204	0.000217061	0.000372931			
500	145	-0.017193455	0.2055066	-405.5797877	-579.2279653	0.000222482	0.000354794			
500	150	-0.025622272	0.207948291	-353.5533906	-612.3724357	0.00023138	0.000339578			
500	155	-0.034097387	0.209502667	-298.8362387	-640.8563821	0.000245386	0.00032691			
500	160	-0.042645321	0.210273152	-241.8447626	-664.4630244	0.000267867	0.000316456			
500	165	-0.051298663	0.2103293	-183.0127019	-683.0127019	0.000306694	0.000307943			
500	170	-0.060092143	0.209698627	-122.787804	-696.3642403	0.000385505	0.000301134			
500	175	-0.069050633	0.208401494	-61.62841672	-704.4160264	0.000622714	0.00029585			
520	5	-0.06779835	-0.210284103	-64.09355338	732.5926675	0.000618302	0.000287041			
520	10	-0.058620577	-0.211577937	-127.6993161	724.2188099	0.000382202	0.000292146			
520	15	-0.049608261	-0.212202935	-190.33321	710.33321	0.000303779	0.000298737			
520	20	-0.040727789	-0.212142853	-251.5185532	691.0415454	0.000265188	0.00030699			
520	25	-0.031946044	-0.211359231	-310.7896883	666.4906373	0.00024287	0.000317123			
520	30	-0.023226821	-0.209789975	-367.6955262	636.8673331	0.000228996	0.000329409			
520	35	-0.014544324	-0.207334806	-421.8029792	602.397084	0.000220205	0.000344183			
520	40	-0.005861325	-0.20382337	-472.7002568	563.3422292	0.000214864	0.000361811			
520	45	0.002918609	-0.198948369	-520	520	0.000212204	0.000382593			
520	50	0.011876268	-0.192260687	-563.3422292	472.7002568	0.000211778	0.000406729			
520	55	0.021132139	-0.183061911	-602.397084	421.8029792	0.000213413	0.000433999			
520	60	0.030664009	-0.170480783	-636.8673331	367.6955262	0.000216829	0.000463647			
520	65	0.040264508	-0.153631056	-666.4906373	310.7896883	0.000221597	0.000494325			
520	70	0.049512164	-0.131879064	-691.0415454	251.5185532	0.000227106	0.000524331			
520	75	0.057800979	-0.104900376	-710.33321	190.33321	0.000232607	0.000551141			
520	80	0.064441565	-0.07309418	-724.2188099	127.6993161	0.000237316	0.000572393			
520	85	0.06876005	-0.037525232	-732.5926675	64.09355338	0.000240499	0.000585476			
520	90	0.070262375	1.09449E-05	-735.3910524	4.50482E-14	0.000241626	242961077.1			
520	95	0.068764638	0.037545104	-732.5926675	-64.09355338	0.000240505	0.000585786			
520	100	0.064449677	0.073110988	-724.2188099	-127.6993161	0.000237328	0.000572525			
520	105	0.057811057	0.10493307	-710.33321	-190.33321	0.000232621	0.000551312			
520	110	0.049524204	0.131895665	-691.0415454	-251.5185532	0.000227123	0.000524397			
520	115	0.040279097	0.153646093	-666.4906373	-310.7896883	0.000221618	0.000494373			
520	120	0.030676691	0.170513806	-636.8673331	-367.6955262	0.000216849	0.000463736			
520	125	0.021146671	0.183075932	-602.397084	-421.8029792	0.000213438	0.000434032			
520	130	0.011887844	0.19227457	-563.3422292	-472.7002568	0.000211799	0.000406758			
520	135	0.002926434	0.198956353	-520	-520	0.000212219	0.000382608			
520	140	-0.00585364	0.203835632	-472.7002568	-563.3422292	0.00021488	0.000361833			
520	145	-0.014538341	0.207345396	-421.8029792	-602.397084	0.000220219	0.000344201			
520	150	-0.02322105	0.209799924	-367.6955262	-636.8673331	0.000229011	0.000329425			
520	155	-0.031936236	0.211370891	-310.7896883	-666.4906373	0.000242901	0.00031714			
520	160	-0.04072076	0.21215535	-251.5185532	-691.0415454	0.000265216	0.000307008			
520	165	-0.049598747	0.212216492	-190.33321	-710.33321	0.000303829	0.000298756			
520	170	-0.05861445	0.211598246	-127.6993161	-724.2188099	0.00038225	0.000292174			
520	175	-0.067789932	0.210294849	-64.09355338	-732.5926675	0.000618433	0.000287056			
540	5	-0.066577518	-0.212095998	-66.55869005	760.7693085	0.000613744	0.000278791			
540	10	-0.05718497	-0.21338789	-132.6108283	752.0733795	0.000378872	0.000283733			
540	15	-0.047960395	-0.214004895	-197.653718	737.653718	0.000300865	0.000290116			
540	20	-0.038854792	-0.213927926	-261.1923437	717.6200663	0.000262537	0.000298108			
540	25	-0.029843947	-0.213132164	-322.7431378	692.1248926	0.000240388	0.000307939			
540	30	-0.02088247	-0.211537652	-381.8376618	661.3622306	0.000226654	0.000319851			
540	35	-0.011954117	-0.209062813	-438.0261707	625.5662026	0.000217963	0.000334198			
540	40	-0.003010263	-0.205528629	-490.8810359	585.0092381	0.000212714	0.000351325			
540	45	0.006032338	-0.200639243	-540	540	0.000210111	0.000371554			
540	50	0.015269111	-0.19394572	-585.0092381	490.8810359	0.000209734	0.000395097			
540	55	0.02480999	-0.184755896	-625.5662026	438.0261707	0.000211388	0.000421792			
540	60	0.034638988	-0.172186772	-661.3622306	381.8376618	0.000214809	0.000450942			
540	65	0.044546406	-0.155329568	-692.1248926	322.7431378	0.000219576	0.000481279			
540	70	0.054106615	-0.133485218	-717.6200663	261.1923437	0.000225097	0.000511061			
540	75	0.062709016	-0.106306901	-737.653718	197.653718	0.000230646	0.000537844			
540	80	0.069632377	-0.074144471	-752.0733795	132.6108283	0.000235429	0.000559113			
540	85	0.074131189	-0.038091424	-760.7693085	66.55869005	0.000238651	0.000572298			
540	90	0.075697549	1.006E-05	-763.6753237	4.67808E-14	0.000239794	215045391.8			
540	95	0.07413577	0.038113237	-760.7693085	-66.55869005	0.000238657	0.000572626			
540	100	0.069641919	0.074164683	-752.0733795	-132.6108283	0.000235442	0.000559266			
540	105	0.062721882	0.106326729	-737.653718	-197.653718	0.000230663	0.000537944			
540	110	0.054119703	0.133505001	-717.6200663	-261.1923437	0.000225115	0.000511137			
540	115	0.04456017	0.155347344	-692.1248926	-322.7431378	0.000219596	0.000481334			
540	120	0.034651878	0.172199197	-661.3622306	-381.8376618	0.000214828	0.000450975			
540	125	0.02482211	0.184766024	-625.5662026	-438.0261707	0.000211408	0.000421815			
540	130	0.015279555	0.19395791	-585.0092381	-490.8810359	0.000209752	0.000395122			
540	135	0.006043092	0.200659304	-540	-540	0.000210131	0.000371591			
540	140	-0.003004756	0.205537938	-490.8810359	-585.0092381	0.000212725	0.000351341			
540	145	-0.011946675	0.20906773	-438.0261707	-625.5662026	0.00021798	0.000334206			
540	150	-0.020879562	0.21154736	-381.8376618	-661.3622306	0.000226662	0.000319866			
540	155	-0.029835451	0.213139712	-322.7431378	-692.1248926	0.000240414	0.00030795			
540	160	-0.038846891	0.21393905	-261.1923437	-717.6200663	0.000262567	0.000298123			
540	165	-0.047947746	0.214015041	-197.653718	-737.653718	0.000300929	0.000290129			
540	170	-0.057181309	0.213398896	-132.6108283	-752.0733795	0.0003789	0.000283747			
540	175	-0.066569268	0.212108169	-66.55869005	-760.7693085	0.000613868	0.000278807			
550	5	-0.065983283	-0.212977766	-67.79125839	774.857629	0.00061135	0.000274861			
550	10	-0.056487673	-0.214265289	-135.0665844	766.0006644	0.000377146	0.000279719			
550	15	-0.047147632	-0.214869874	-201.3139721	751.3139721	0.000299432	0.000285992			
550	20	-0.037936422	-0.214790203	-266.0292389	730.9093268	0.000261216	0.000293867			
550	25	-0.028808757	-0.213978605	-328.7198626	704.9420203	0.000239166	0.000303541			
550	30	-0.019731285	-0.212374396	-388.9087297	673.6096793	0.000225493	0.000315278			
550	35	-0.010678616	-0.209883119	-446.1377664	637.1507619	0.000216859	0.000329409			
550	40	-0.00160871	-0.206338466	-499.9714254	595.8427425	0.00021165	0.000346297			
550	45	0.007566392	-0.201441662	-550	550	0.00020908	0.000366258			
550	50	0.016940596	-0.194740118	-595.8427425	499.9714254	0.000208726	0.000389502			
550	55	0.026622039	-0.185547541	-637.1507619	446.1377664	0.000210389	0.000415897			
550	60	0.036599618	-0.172983644	-673.6096793	388.9087297	0.000213814	0.000444792			
550	65	0.046658083	-0.156123594	-704.9420203	328.7198626	0.000218579	0.000474944			
550	70	0.056371775	-0.134237137	-730.9093268	266.0292389	0.000224103	0.000504595			
550	75	0.065127774	-0.106961298	-751.3139721	201.3139721	0.000229671	0.000531316			
550	80	0.072187417	-0.074637939	-766.0006644	135.0665844	0.000234484	0.000552601			
550	85	0.076771405	-0.038358413	-774.857629	67.79125839	0.00023772	0.000565831			
550	90	0.078368291	1.05311E-05	-777.8174593	4.76471E-14	0.000238868	221023098.6			
550	95	0.076775508	0.038380266	-774.857629	-67.79125839	0.000237725	0.000566154			
550	100	0.072198082	0.07466511	-766.0006644	-135.0665844	0.000234498	0.000552802			
550	105	0.065140872	0.106983426	-751.3139721	-201.3139721	0.000229689	0.000531426			
550	110	0.05638331	0.134256967	-730.9093268	-266.0292389	0.000224119	0.00050467			
550	115	0.046672148	0.156136205	-704.9420203	-328.7198626	0.000218599	0.000474983			
550	120	0.036611518	0.17299608	-673.6096793	-388.9087297	0.000213832	0.000444824			
550	125	0.026632741	0.185558816	-637.1507619	-446.1377664	0.000210406	0.000415923			
550	130	0.016949823	0.194749718	-595.8427425	-499.9714254	0.000208742	0.000389522			
550	135	0.007574865	0.201448406	-550	-550	0.000209095	0.00036627			
550	140	-0.001600767	0.206357519	-499.9714254	-595.8427425	0.000211666	0.000346329			
550	145	-0.010673423	0.209891729	-446.1377664	-637.1507619	0.00021687	0.000329422			
550	150	-0.019728481	0.212383201	-388.9087297	-673.6096793	0.0002255	0.000315291			
550	155	-0.028802919	0.21398737	-328.7198626	-704.9420203	0.000239184	0.000303553			
550	160	-0.037927686	0.214807779	-266.0292389	-730.9093268	0.000261249	0.000293891			
550	165	-0.047140779	0.214881347	-201.3139721	-751.3139721	0.000299466	0.000286007			
550	170	-0.056478642	0.214274321	-135.0665844	-766.0006644	0.000377213	0.000279731			
550	175	-0.06597497	0.212988641	-67.79125839	-774.857629	0.000611473	0.000274875			
峰值电流550A（60s）,持续电流320A（≥30min），60℃水温，流量≥20L/min。初版策略降额温度110℃，120℃停机。

堵转电流550A＜2s

"关于脉冲加热，同时应关注以下事项：
1、 电池自加热的原理电路是什么样的、是行车还是驻车加热、供给给电机的电流波形是如何的？
2、 基于第一条，使用电机控制器的话，需要将电控软硬件人加入，评估寿命损伤；
3、 基于第一条，高频的脉冲对驻车状态影响包括退磁、电热老化损伤，应评估对定转子的损伤，需针对此载荷加入到可靠性耐久测试中；
4、 基于第一条，如行车脉冲加热涉及NVH噪声；"

额定618V、450-750V、欠压450V、过压750V

开关频率范围1.25kHZ-4kHZ

峰值550Arms、持续30s、降额85℃、保护92℃
		
